
19:21:14 --> 0.01, 0.02, 0.00, 0.01, 0.02, 0.01, 0.01, 0.01, 0.01, 0.00, 0.01, 
19:21:14 --> 0.00, -0.01, 0.03, 0.01, 0.01, 0.00, 0.00, 0.00, 0.00, 0.03, 0.02, 0.03, 0.02, 0.02, 0.01, 0.44, 6.87, 0.02, 0.01, 0.01, 0.01, 0.01, 0.01, 0.01, 2.57, -0.79, -2.08, -2.61, -0.57, 0.01, -0.75, 0.88, 0.55, 0.45, 1.46, 0.28, 2.91, -0.46, 0.00, -0.45, 9.16, 0.42, 0.04, 0.02, 0.04, 0.05, -0.02, 0.05, -0.02, -0.03, 0.03, 0.04, 0.01, 
19:21:14 --> 0.01, 0.04, 0.02, 0.03, 0.02, 0.03, 0.04, 0.00, 0.03, 0.02, 0.05, 0.05, 0.00, 0.03, 
19:58:00 --> -0.02, 
19:58:00 --> 0.00, 0.00, -0.01, 0.00, 0.01, 0.01, 0.00, 0.00, 0.00, 0.01, 0.00, 0.01, 0.03, 0.01, 0.02, 0.01, 0.01, -0.01, 0.00, -0.03, -0.04, 0.01, 0.03, -0.02, 0.02, -0.03, 0.00, 0.01, -0.02, -0.01, -0.01, 0.04, 0.01, -0.02, 0.00, 0.02, 0.01, 0.02, 0.03, 0.01, -0.01, 0.00, -0.02, 0.03, 0.03, 0.00, -0.03, 0.02, 0.02, -0.04, 0.02, -0.01, 0.01, 0.00, 0.01, 0.02, 0.00, -0.03, 0.03, 

19:59:02 --> 0.03, 0.02, 0.03, 0.01, -0.43, 0.05, 0.01, 0.02, 0.02, 0.01, 0.01, 0.02, 0.02, 0.01, 0.01, 0.01, 0.01, 0.01, 0.01, 0.01, 0.01, 0.02, 0.02, 0.01, 0.01, 0.01, 0.02, 0.02, 0.02, 0.02, 0.01, 0.02, 0.02, 0.02, 0.01, 0.01, 0.01, 0.01, 0.02, 0.03, 0.02, 0.03, 0.01, 0.02, 0.01, 0.01, 0.01, 0.01, 0.01, 0.01, 0.01, 0.02, 0.03, 9.38, 6.44, 0.01, 0.03, -0.01, -0.02, 
19:58:00 --> -0.13, -0.17, -0.16, -0.20, -0.18, -0.18, 
19:58:01 --> -0.15, -0.15, -0.16, -0.16, -0.17, -0.18, -0.16, -0.17, -0.16, -0.17, -0.19, -0.23, -0.19, -0.15, -0.20, -0.18, -0.19, -0.16, -0.17, -0.20, -0.06, -0.21, -0.22, -0.16, -0.19, -0.18, -0.15, -0.19, -0.20, -0.22, -0.20, -0.08, -0.16, -0.19, -0.07, -0.18, -0.15, -0.16, -0.15, -0.16, -0.16, -0.18, -0.18, -0.17, -0.16, -0.16, -0.18, -0.14, -0.16, -0.19, -0.17, -0.15, -0.16, -0.15, -0.16, -0.17, -0.21, -0.17, -0.18, 

19:59:02 --> -0.21, -0.16, -0.18, -0.18, -0.18, -0.24, -0.18, -0.14, -0.18, -0.14, -0.16, -0.15, -0.17, -0.15, -0.13, -0.15, -0.16, -0.18, -0.18, -0.16, -0.16, -0.16, -0.16, -0.17, -0.15, -0.15, -0.21, -0.17, -0.18, -0.15, -0.16, -0.22, -0.17, -0.17, -0.16, -0.17, -0.15, -0.20, -0.18, -0.19, -0.20, -0.16, -0.15, -0.16, -0.14, -0.07, -0.18, -0.16, -0.19, -0.16, -0.18, -0.16, -0.17, -0.19, -0.18, -0.16, -0.18, -0.59, -7.30, 

20:00:04 --> -9.15, -9.52, -9.35, -9.38, -9.47, -9.47, -9.53, 44.25, 37.20, 36.31, 36.13, 36.44, 36.56, 36.68, 36.56, 36.33, 36.08, 35.59, 35.10, 34.59, 34.04, 33.41, 32.89, 32.28, 31.71, 31.11, 30.50, 29.90, 29.53, 28.96, 28.49, 27.96, 27.50, 27.03, 26.65, 26.31, 25.92, 25.68, 25.24, 25.02, 24.77, 24.53, 24.30, 24.19, 23.94, 23.73, 23.61, 23.46, 23.26, 23.18, 22.97, 22.94, 22.70, 22.62, 22.57, 22.47, 22.30, 22.20, 22.12, 

20:01:05 --> 21.84, 21.91, 21.73, 21.61, 21.67, 21.49, 21.49, 21.35, 21.27, 21.24, 21.14, 21.06, 21.01, 21.06, 20.93, 20.89, 20.92, 20.76, 20.74, 20.68, 20.60, 20.57, 20.60, 20.47, 20.46, 20.41, 20.36, 20.34, 20.32, 19.91, 20.28, 19.78, 20.09, 20.16, 20.07, 20.02, 20.02, 20.01, 19.94, 20.03, 19.86, 19.86, 19.80, 19.87, 19.70, 19.68, 19.72, 19.67, 19.72, 19.64, 19.62, 19.64, 19.61, 19.59, 19.49, 19.51, 19.49, 19.46, 19.48, 

20:02:06 --> 19.37, 19.43, 19.34, 19.30, 19.37, 19.29, 19.28, 19.30, 19.17, 19.25, 19.19, 19.21, 19.16, 19.18, 19.16, 19.12, 19.09, 19.08, 19.09, 19.08, 19.05, 19.00, 19.06, 18.96, 19.02, 18.92, 18.97, 18.96, 18.92, 18.92, 18.90, 18.92, 18.90, 18.79, 18.81, 18.73, 18.80, 18.76, 18.76, 18.75, 18.78, 18.72, 18.67, 18.68, 18.73, 18.62, 18.65, 18.69, 18.54, 18.56, 18.56, 18.55, 18.54, 18.58, 18.50, 18.54, 18.54, 18.49, 18.48, 

20:03:08 --> 18.46, 18.36, 18.37, 18.45, 18.41, 18.40, 18.35, 18.31, 18.37, 18.35, 18.36, 18.35, 18.29, 18.31, 18.27, 18.24, 18.28, 18.27, 18.22, 18.22, 18.24, 18.19, 18.26, 18.16, 18.08, 18.07, 18.01, 18.12, 18.06, 18.11, 18.07, 18.11, 18.06, 18.03, 18.07, 18.00, 18.00, 18.01, 18.03, 17.96, 18.03, 17.99, 17.97, 17.92, 17.92, 17.95, 17.92, 17.96, 17.84, 17.85, 17.87, 17.81, 17.85, 17.82, 17.83, 17.77, 17.82, 17.76, 17.81, 

20:04:09 --> 17.78, 17.76, 17.77, 17.77, 17.68, 17.71, 17.69, 17.66, 17.69, 17.62, 17.61, 17.68, 17.64, 17.58, 17.67, 17.55, 17.61, 17.65, 17.54, 17.57, 17.58, 17.54, 17.52, 17.48, 17.50, 17.52, 17.46, 17.55, 17.42, 17.47, 17.43, 17.51, 17.43, 17.42, 17.46, 17.40, 17.35, 17.36, 17.42, 17.34, 17.36, 17.30, 17.31, 17.29, 17.34, 17.35, 17.31, 17.31, 17.25, 17.20, 17.26, 17.30, 17.21, 17.03, 17.01, 16.98, 17.03, 17.03, 17.02, 

20:05:11 --> 17.04, 16.98, 17.06, 16.99, 17.00, 16.98, 17.00, 16.95, 16.91, 16.95, 16.91, 16.92, 16.96, 16.91, 16.92, 16.97, 16.87, 16.90, 16.86, 16.89, 16.86, 16.97, 17.06, 17.05, 17.05, 16.97, 16.95, 16.97, 16.97, 16.80, 16.83, 16.89, 16.85, 16.89, 16.89, 16.80, 16.87, 16.78, 16.81, 16.85, 16.84, 16.82, 16.75, 16.82, 16.73, 16.75, 16.76, 16.73, 16.69, 16.69, 16.67, 16.68, 16.65, 16.61, 16.60, 16.61, 16.60, 16.67, 16.57, 

20:06:12 --> 16.62, 16.59, 16.57, 16.59, 16.55, 16.52, 16.53, 16.52, 16.55, 16.49, 16.66, 16.50, 16.66, 16.50, 16.40, 16.51, 16.42, 16.48, 16.41, 16.35, 16.34, 16.34, 16.29, 16.45, 16.34, 16.40, 15.85, 16.34, 15.79, 16.36, 16.36, 16.32, 16.24, 16.36, 16.27, 16.34, 16.29, 16.26, 16.26, 16.19, 16.29, 16.24, 16.26, 16.29, 16.24, 16.19, 16.20, 16.16, 16.22, 16.17, 16.16, 16.15, 16.10, 16.16, 16.08, 16.08, 16.05, 16.10, 16.03, 

20:07:13 --> 16.08, 16.04, 16.01, 16.03, 16.04, 15.97, 16.01, 16.02, 15.99, 15.96, 15.97, 15.98, 16.00, 15.94, 15.95, 15.97, 15.91, 15.93, 15.92, 15.95, 15.84, 15.89, 15.81, 15.84, 15.83, 15.89, 15.82, 15.86, 15.81, 15.81, 15.76, 15.75, 15.78, 15.76, 15.75, 15.77, 15.69, 15.80, 15.70, 15.71, 15.78, 15.68, 15.71, 15.72, 15.73, 15.64, 15.61, 15.65, 15.66, 15.60, 15.59, 15.69, 15.60, 15.61, 15.63, 15.60, 15.60, 15.55, 15.60, 

20:08:15 --> 15.57, 15.48, 15.55, 15.52, 15.53, 15.52, 15.52, 15.49, 15.48, 15.51, 15.51, 15.48, 15.43, 15.46, 15.38, 15.44, 15.33, 15.31, 15.45, 15.31, 15.42, 15.41, 15.38, 15.33, 15.42, 15.33, 15.33, 15.35, 15.35, 15.30, 15.31, 15.32, 15.28, 15.33, 15.29, 15.30, 15.33, 15.25, 15.27, 15.26, 15.29, 15.18, 15.24, 15.27, 15.21, 15.10, 15.19, 15.05, 15.11, 15.10, 15.13, 15.16, 15.11, 15.11, 15.08, 15.08, 15.10, 15.09, 15.11, 

20:09:16 --> 15.08, 15.03, 15.06, 15.01, 15.03, 15.01, 15.04, 15.07, 14.97, 15.03, 14.98, 14.95, 15.02, 14.98, 14.96, 14.99, 14.93, 14.92, 14.86, 14.82, 14.84, 14.92, 14.85, 14.91, 14.85, 14.88, 14.84, 14.86, 14.83, 14.89, 14.84, 14.78, 14.82, 14.85, 14.78, 14.80, 14.81, 14.72, 14.77, 14.75, 14.71, 14.77, 14.77, 14.68, 14.74, 13.93, 14.49, 14.50, 14.49, 14.51, 14.47, 14.61, 14.51, 14.53, 14.50, 14.53, 14.56, 14.51, 14.51, 

20:10:17 --> 14.49, 14.58, 14.47, 14.51, 14.46, 14.49, 14.52, 14.44, 14.44, 14.44, 14.47, 14.40, 14.39, 14.36, 14.42, 14.64, 14.61, 14.53, 14.54, 14.53, 14.51, 14.46, 14.49, 14.54, 14.43, 14.44, 14.45, 14.44, 14.38, 14.47, 14.38, 14.39, 14.42, 14.31, 14.39, 14.36, 14.35, 14.39, 14.26, 14.24, 14.28, 14.22, 14.28, 14.34, 14.25, 14.25, 14.22, 14.23, 14.20, 14.25, 14.13, 14.18, 14.29, 14.18, 14.19, 14.18, 14.18, 14.18, 14.13, 

20:11:19 --> 14.17, 14.09, 14.14, 14.10, 14.14, 14.10, 14.15, 14.06, 14.10, 14.06, 14.07, 14.08, 14.05, 14.08, 14.06, 14.02, 14.08, 14.04, 14.04, 14.00, 14.04, 14.02, 14.00, 14.19, 13.94, 14.15, 13.97, 13.98, 13.97, 13.98, 13.95, 13.92, 13.92, 13.95, 13.86, 13.93, 13.92, 13.83, 13.90, 13.51, 13.89, 13.86, 13.90, 13.82, 13.79, 13.90, 13.76, 13.81, 13.79, 13.83, 13.83, 13.76, 13.79, 13.73, 13.73, 13.75, 13.75, 13.71, 13.78, 

20:12:20 --> 13.70, 13.73, 13.71, 13.69, 13.70, 13.64, 13.73, 13.69, 13.69, 13.63, 13.67, 13.68, 13.61, 13.60, 13.65, 13.58, 13.60, 13.60, 13.64, 13.59, 13.56, 13.61, 13.53, 13.55, 13.57, 13.52, 13.53, 13.61, 13.50, 13.51, 13.55, 13.50, 13.56, 13.44, 13.47, 13.35, 13.38, 13.42, 13.51, 13.41, 13.43, 13.41, 13.45, 13.44, 13.44, 13.41, 13.38, 13.43, 13.41, 13.29, 13.35, 13.30, 13.35, 13.34, 13.35, 13.33, 13.36, 13.35, 13.34, 

20:13:22 --> 13.30, 13.25, 13.32, 13.27, 13.27, 13.22, 13.25, 13.26, 13.20, 13.24, 13.30, 13.20, 13.19, 13.19, 13.15, 13.20, 13.17, 13.17, 13.22, 13.15, 13.17, 13.18, 13.25, 13.16, 13.15, 13.17, 13.16, 13.15, 13.13, 13.07, 13.09, 13.14, 13.14, 13.11, 13.06, 13.07, 13.09, 13.09, 13.03, 13.04, 13.06, 12.96, 12.97, 13.04, 13.00, 13.02, 13.03, 13.06, 12.96, 12.90, 12.99, 12.94, 12.95, 13.00, 12.95, 12.94, 12.97, 12.91, 12.83, 

20:14:23 --> 12.76, 12.82, 12.83, 12.85, 12.86, 12.85, 12.86, 12.91, 12.86, 12.83, 12.86, 12.85, 12.85, 12.82, 12.82, 12.88, 12.86, 12.79, 12.86, 12.78, 12.80, 12.77, 12.74, 12.78, 12.76, 12.79, 12.74, 12.78, 12.70, 12.72, 12.69, 12.79, 12.69, 12.65, 12.75, 12.65, 12.70, 12.68, 12.57, 12.64, 12.48, 12.53, 12.50, 12.47, 12.56, 12.44, 12.41, 12.43, 12.46, 12.49, 12.47, 12.50, 12.49, 12.54, 12.46, 12.49, 12.40, 12.47, 12.47, 

20:15:24 --> 12.47, 12.45, 12.44, 12.40, 12.38, 12.49, 12.42, 12.41, 12.58, 12.53, 12.56, 12.53, 12.48, 12.50, 12.41, 12.51, 12.47, 12.36, 12.40, 12.34, 12.30, 12.36, 12.40, 12.45, 12.36, 12.38, 12.34, 12.35, 12.36, 12.39, 12.33, 12.39, 12.29, 12.30, 12.31, 12.30, 12.35, 12.28, 12.31, 12.25, 12.31, 12.30, 12.28, 12.22, 12.29, 12.23, 12.21, 12.27, 12.17, 12.20, 12.20, 12.17, 12.25, 12.10, 12.18, 12.15, 12.13, 12.16, 12.17, 

20:16:26 --> 12.20, 12.13, 12.10, 12.13, 12.08, 12.14, 12.11, 12.10, 12.15, 12.09, 12.06, 12.10, 12.11, 12.06, 12.06, 12.04, 12.01, 12.07, 12.04, 12.03, 12.05, 11.95, 12.06, 12.02, 12.00, 12.01, 12.05, 11.95, 12.01, 11.95, 11.98, 11.97, 11.95, 11.91, 11.96, 11.96, 11.91, 11.93, 11.88, 11.93, 11.88, 11.93, 11.97, 11.88, 11.94, 11.92, 11.84, 11.93, 11.89, 11.85, 11.90, 11.82, 11.91, 11.83, 11.83, 11.86, 11.47, 11.82, 11.48, 

20:17:27 --> 11.75, 11.80, 11.77, 11.77, 11.81, 11.79, 11.74, 11.77, 11.70, 11.71, 11.74, 11.71, 11.78, 11.71, 11.74, 11.67, 11.74, 11.69, 11.73, 11.72, 11.59, 11.69, 11.65, 11.69, 11.68, 11.68, 11.69, 11.64, 11.65, 11.59, 11.67, 11.63, 11.56, 11.67, 11.56, 11.59, 11.54, 11.57, 11.52, 11.66, 11.58, 11.54, 11.58, 11.47, 11.50, 11.55, 11.49, 11.53, 11.54, 11.44, 11.50, 11.48, 11.49, 11.46, 11.47, 11.53, 11.51, 11.46, 11.32, 

20:18:29 --> 11.45, 11.38, 11.40, 11.48, 11.39, 11.40, 11.46, 11.36, 11.43, 11.43, 11.34, 11.41, 11.34, 11.44, 11.38, 11.33, 11.44, 11.34, 11.36, 11.39, 11.31, 11.29, 11.39, 11.30, 11.33, 11.27, 11.34, 11.26, 11.21, 11.25, 11.22, 11.24, 11.24, 11.25, 11.26, 11.28, 11.24, 11.22, 11.19, 11.25, 11.25, 11.25, 11.19, 11.23, 11.19, 11.23, 11.19, 11.17, 11.14, 11.22, 11.15, 11.17, 11.18, 11.17, 11.18, 11.11, 11.14, 11.10, 11.17, 

20:19:30 --> 11.17, 11.17, 11.07, 11.07, 10.97, 10.96, 11.11, 11.11, 11.04, 11.07, 11.04, 11.06, 11.11, 11.02, 11.05, 11.06, 11.06, 11.05, 10.99, 11.01, 10.97, 11.04, 11.02, 10.99, 11.06, 10.98, 10.98, 11.02, 10.92, 10.99, 10.99, 10.95, 10.92, 10.77, 10.83, 10.82, 10.83, 10.79, 10.81, 10.67, 10.82, 10.85, 10.79, 10.83, 10.81, 10.76, 10.78, 10.81, 10.79, 10.79, 10.79, 10.77, 10.78, 10.79, 10.75, 10.80, 10.73, 10.75, 10.74, 

20:20:31 --> 10.75, 10.83, 10.83, 10.91, 10.82, 10.83, 10.88, 10.77, 10.77, 10.80, 10.75, 10.77, 10.73, 10.77, 10.77, 10.77, 10.75, 10.73, 10.72, 10.71, 10.80, 10.69, 10.72, 10.75, 10.64, 10.70, 10.68, 10.67, 10.66, 10.69, 10.63, 10.65, 10.58, 10.66, 10.57, 10.63, 10.61, 10.56, 10.63, 10.58, 10.59, 10.61, 10.56, 10.57, 10.56, 10.54, 10.49, 10.59, 10.53, 10.56, 10.50, 10.56, 10.58, 10.55, 10.50, 10.52, 10.52, 10.55, 10.51, 

20:21:33 --> 10.49, 10.41, 10.47, 10.44, 10.39, 10.49, 10.46, 10.42, 10.41, 10.39, 10.51, 10.45, 10.45, 10.44, 10.44, 10.35, 10.36, 10.40, 10.49, 10.38, 10.42, 10.41, 10.40, 10.33, 10.41, 10.30, 10.35, 10.29, 10.35, 10.35, 10.35, 10.32, 10.39, 10.28, 10.33, 10.26, 10.27, 10.35, 10.22, 10.26, 10.20, 10.22, 10.25, 10.28, 10.28, 10.28, 10.30, 10.24, 10.30, 10.29, 10.26, 10.23, 10.24, 10.19, 10.21, 10.24, 10.22, 10.27, 10.18, 

20:22:34 --> 10.21, 10.19, 10.22, 10.17, 10.14, 10.15, 10.15, 10.18, 10.21, 10.16, 10.20, 10.16, 10.14, 10.17, 10.08, 10.16, 10.08, 10.06, 10.14, 10.13, 10.16, 10.10, 10.16, 10.07, 10.06, 10.09, 10.06, 10.11, 10.05, 10.06, 10.05, 10.11, 10.03, 10.04, 10.02, 10.06, 10.03, 10.01, 10.01, 10.04, 9.98, 9.98, 10.01, 10.00, 9.98, 9.93, 9.92, 9.98, 9.98, 9.91, 9.96, 9.96, 9.96, 9.93, 9.95, 9.96, 9.92, 9.88, 9.92, 

20:23:36 --> 9.91, 9.94, 9.88, 9.91, 9.91, 9.88, 9.93, 9.92, 9.90, 9.88, 9.94, 9.90, 9.96, 9.89, 9.90, 9.84, 9.83, 9.90, 9.86, 9.84, 9.81, 9.85, 9.76, 9.84, 9.80, 9.80, 9.73, 9.78, 9.78, 9.77, 9.82, 9.76, 9.81, 9.78, 9.77, 9.81, 9.78, 9.77, 9.77, 9.76, 9.78, 9.34, 9.72, 9.81, 9.74, 9.72, 9.71, 9.69, 9.72, 9.67, 9.64, 9.61, 9.66, 9.63, 9.61, 9.72, 9.68, 9.66, 9.71, 

20:24:37 --> 9.59, 9.58, 9.67, 9.74, 9.63, 9.65, 9.60, 9.26, 9.58, 9.53, 9.61, 9.57, 9.63, 9.61, 9.56, 9.60, 9.58, 9.54, 9.55, 9.55, 9.58, 9.58, 9.57, 9.53, 9.57, 9.43, 9.41, 9.44, 9.48, 9.41, 9.48, 9.43, 9.36, 9.44, 9.42, 9.35, 9.47, 9.41, 9.42, 9.38, 9.33, 9.44, 9.42, 9.43, 9.39, 9.40, 9.33, 9.29, 9.41, 9.36, 9.35, 9.38, 9.40, 9.32, 9.41, 9.51, 9.46, 9.44, 9.40, 

20:25:39 --> 9.38, 9.44, 9.38, 9.39, 9.33, 9.42, 9.36, 9.40, 9.36, 9.42, 9.31, 9.35, 9.32, 9.42, 9.29, 9.34, 9.33, 9.32, 9.29, 9.33, 9.27, 9.29, 9.28, 9.29, 9.32, 9.27, 9.23, 9.19, 9.27, 9.26, 9.34, 9.22, 9.25, 9.23, 9.20, 9.19, 9.20, 9.21, 9.27, 9.19, 9.22, 9.19, 9.22, 9.17, 9.25, 9.23, 9.18, 9.16, 9.21, 9.19, 9.17, 9.15, 9.16, 9.17, 9.17, 9.16, 9.20, 9.09, 9.15, 

20:26:40 --> 9.10, 9.09, 9.17, 9.10, 9.08, 9.08, 9.16, 9.10, 9.09, 9.08, 9.11, 9.03, 9.07, 9.02, 9.09, 9.07, 9.08, 9.05, 9.02, 9.06, 9.08, 9.00, 9.01, 9.02, 9.03, 8.96, 9.00, 9.01, 9.02, 8.95, 8.99, 8.98, 9.05, 8.98, 8.97, 9.02, 9.05, 8.96, 9.01, 8.98, 9.03, 8.93, 8.90, 8.95, 8.93, 8.94, 8.92, 8.89, 8.94, 8.95, 8.86, 8.88, 8.96, 8.89, 8.88, 8.91, 8.91, 8.83, 8.82, 

20:27:42 --> 8.94, 8.92, 8.98, 8.90, 8.85, 8.83, 8.89, 8.84, 8.79, 8.79, 8.77, 8.77, 8.75, 8.78, 8.78, 8.74, 8.74, 8.75, 8.76, 8.74, 8.71, 8.74, 8.72, 8.79, 8.81, 8.80, 8.71, 8.79, 8.73, 8.76, 8.69, 8.71, 8.77, 8.72, 8.69, 8.74, 8.71, 8.71, 8.69, 8.75, 8.72, 8.75, 8.72, 8.70, 8.71, 8.76, 8.67, 8.72, 8.69, 8.74, 8.70, 8.69, 8.71, 8.75, 8.65, 8.71, 8.67, 8.64, 8.65, 

20:28:43 --> 8.66, 8.68, 8.64, 8.64, 8.59, 8.67, 8.63, 8.59, 8.64, 8.59, 8.57, 8.63, 8.67, 8.56, 8.63, 8.59, 8.59, 8.53, 8.58, 8.54, 8.54, 8.61, 8.58, 8.59, 8.53, 8.58, 8.59, 8.51, 8.57, 8.46, 8.52, 8.60, 8.57, 8.48, 8.51, 8.49, 8.49, 8.44, 8.50, 8.52, 8.48, 8.43, 8.48, 8.47, 8.47, 8.51, 8.48, 8.50, 8.49, 8.49, 8.48, 8.45, 8.42, 8.40, 8.42, 8.35, 8.40, 8.46, 8.45, 

20:29:45 --> 8.45, 8.34, 8.36, 8.38, 8.39, 8.39, 8.41, 8.42, 8.38, 8.39, 8.34, 8.32, 8.35, 8.43, 8.35, 8.39, 8.38, 8.42, 8.28, 8.28, 8.31, 8.21, 8.23, 8.26, 8.21, 8.21, 8.26, 8.23, 8.27, 8.22, 8.26, 8.19, 8.26, 8.25, 8.22, 8.16, 8.25, 8.20, 8.23, 8.24, 8.23, 8.22, 8.16, 8.22, 8.23, 8.19, 8.22, 8.28, 8.27, 8.21, 8.23, 8.27, 8.24, 8.25, 8.26, 8.25, 8.20, 8.27, 8.21, 

20:30:46 --> 8.17, 8.19, 8.19, 8.17, 8.14, 8.19, 8.20, 8.23, 8.11, 8.19, 8.17, 8.11, 8.11, 8.18, 8.18, 8.15, 8.07, 8.19, 8.13, 8.15, 8.15, 8.10, 8.06, 8.18, 8.10, 8.11, 8.08, 8.11, 8.11, 8.07, 8.11, 8.05, 8.09, 8.08, 8.02, 8.11, 8.02, 8.04, 7.99, 8.06, 8.06, 8.10, 8.04, 8.00, 8.01, 7.89, 8.02, 8.04, 7.99, 8.02, 8.02, 8.00, 8.03, 7.96, 8.02, 8.00, 7.99, 7.98, 8.01, 

20:31:48 --> 7.90, 8.00, 8.01, 8.00, 7.99, 7.93, 7.95, 7.95, 7.96, 7.96, 7.91, 7.97, 7.94, 7.87, 7.93, 7.92, 7.93, 7.91, 7.92, 7.89, 7.92, 7.83, 7.89, 7.91, 7.93, 7.91, 7.85, 7.89, 7.86, 7.84, 7.86, 7.84, 7.85, 7.84, 7.85, 7.83, 7.87, 7.83, 7.87, 7.79, 7.82, 7.79, 7.84, 7.90, 7.82, 7.84, 7.79, 7.86, 7.78, 7.83, 7.81, 7.82, 7.80, 7.81, 7.83, 7.75, 7.74, 7.80, 7.74, 

20:32:49 --> 7.78, 7.75, 7.75, 7.82, 7.74, 7.75, 7.70, 7.77, 7.77, 7.73, 7.73, 7.72, 7.71, 7.72, 7.70, 7.71, 7.74, 7.73, 7.74, 7.74, 7.67, 7.74, 7.65, 7.73, 7.71, 7.70, 7.66, 7.69, 7.74, 7.68, 7.69, 7.67, 7.67, 7.64, 7.57, 7.71, 7.59, 7.67, 7.70, 7.68, 7.61, 7.65, 7.65, 7.56, 7.69, 7.59, 7.62, 7.65, 7.56, 7.64, 7.61, 7.59, 7.62, 7.60, 7.53, 7.55, 7.66, 7.56, 7.56, 

20:33:51 --> 7.53, 7.64, 7.54, 7.57, 7.57, 7.53, 7.58, 7.54, 7.58, 7.57, 7.49, 7.55, 7.60, 7.45, 7.57, 7.48, 7.51, 7.56, 7.52, 7.50, 7.50, 7.52, 7.16, 7.43, 7.16, 7.56, 7.36, 7.41, 7.37, 7.46, 7.46, 7.50, 7.45, 7.49, 7.46, 7.41, 7.42, 7.42, 7.51, 7.45, 7.44, 7.46, 7.44, 7.35, 7.40, 7.43, 7.40, 7.41, 7.35, 7.43, 7.42, 7.43, 7.42, 7.44, 7.43, 7.42, 7.39, 7.44, 7.34, 

20:34:52 --> 7.32, 7.29, 7.36, 7.33, 7.32, 7.43, 7.30, 7.35, 7.39, 7.37, 7.39, 7.31, 7.26, 7.30, 7.23, 7.29, 7.29, 7.33, 7.26, 7.26, 7.26, 7.23, 7.23, 7.23, 7.22, 7.23, 7.27, 7.21, 7.28, 7.24, 7.27, 7.27, 7.24, 7.25, 7.17, 7.19, 7.11, 7.27, 7.20, 7.25, 7.28, 7.24, 7.26, 7.24, 7.26, 7.24, 7.28, 7.24, 7.20, 7.23, 7.28, 7.22, 7.22, 7.26, 7.20, 7.19, 7.18, 7.20, 7.21, 

20:35:53 --> 7.20, 7.16, 7.17, 7.16, 7.18, 7.18, 7.21, 7.18, 7.21, 7.12, 7.11, 7.21, 7.10, 7.18, 7.21, 7.09, 7.16, 7.10, 7.14, 7.08, 7.11, 7.06, 7.09, 7.05, 7.11, 7.08, 7.11, 7.15, 7.05, 7.08, 7.08, 7.08, 7.14, 7.07, 7.04, 7.08, 7.16, 7.08, 7.05, 7.06, 7.02, 7.10, 7.05, 7.07, 7.05, 7.05, 7.06, 7.08, 7.03, 7.02, 7.01, 7.05, 7.05, 7.03, 7.11, 6.96, 7.02, 7.04, 6.98, 

20:36:55 --> 6.96, 6.97, 6.98, 7.01, 6.93, 7.07, 6.96, 6.95, 6.98, 6.91, 6.98, 6.99, 6.96, 6.96, 6.93, 6.95, 6.93, 6.91, 6.95, 6.96, 6.93, 6.89, 7.02, 6.96, 6.92, 6.90, 6.95, 6.90, 6.91, 6.96, 6.89, 6.94, 6.86, 6.94, 6.86, 6.79, 6.85, 6.91, 6.90, 6.86, 6.92, 6.91, 6.89, 6.92, 6.81, 6.84, 6.86, 6.86, 6.82, 6.80, 6.80, 6.90, 6.80, 6.84, 6.84, 6.80, 6.91, 6.83, 6.79, 

20:37:56 --> 6.77, 6.89, 6.85, 6.84, 6.80, 6.82, 6.80, 6.83, 6.81, 6.76, 6.70, 6.73, 6.76, 6.79, 6.78, 6.75, 6.77, 6.72, 6.74, 6.80, 6.73, 6.78, 6.70, 6.76, 6.72, 6.76, 6.77, 6.76, 6.75, 6.69, 6.76, 6.74, 6.73, 6.76, 6.75, 6.72, 6.74, 6.71, 6.69, 6.68, 6.68, 6.70, 6.73, 6.72, 6.66, 6.58, 6.64, 6.54, 6.67, 6.69, 6.69, 6.67, 6.68, 6.69, 6.69, 6.71, 6.70, 6.68, 6.65, 

20:38:58 --> 6.68, 6.64, 6.57, 6.66, 6.66, 6.67, 6.60, 6.64, 6.60, 6.67, 6.68, 6.67, 6.64, 6.58, 6.65, 6.61, 6.62, 6.60, 6.62, 6.64, 6.62, 6.60, 6.55, 6.58, 6.55, 6.60, 6.65, 6.66, 6.54, 6.57, 6.61, 6.62, 6.54, 6.54, 6.52, 6.61, 6.57, 6.57, 6.50, 6.61, 6.64, 6.56, 6.55, 6.17, 6.51, 6.52, 6.53, 6.50, 6.50, 6.23, 6.58, 6.48, 6.53, 6.48, 6.43, 6.44, 6.53, 6.52, 6.49, 

20:39:59 --> 6.51, 6.58, 6.45, 5.81, 6.45, 6.45, 6.46, 6.37, 6.42, 6.39, 6.43, 6.40, 6.44, 6.33, 6.43, 6.37, 6.44, 6.36, 6.40, 6.35, 6.47, 6.32, 6.43, 6.39, 6.40, 6.36, 6.42, 6.39, 6.32, 6.46, 6.28, 6.32, 6.36, 6.35, 6.35, 6.46, 6.32, 6.48, 6.30, 6.35, 6.40, 6.39, 6.43, 6.33, 6.42, 6.40, 6.33, 6.39, 6.33, 6.39, 6.34, 6.31, 6.39, 6.35, 6.36, 6.30, 6.30, 6.32, 6.36, 

20:41:00 --> 6.28, 6.33, 6.31, 6.27, 6.36, 6.28, 6.28, 6.27, 6.20, 6.22, 6.32, 6.35, 6.27, 6.30, 6.25, 6.27, 6.25, 6.28, 6.29, 6.23, 6.27, 6.24, 6.24, 6.26, 6.23, 6.29, 6.28, 6.30, 6.25, 6.20, 6.22, 6.22, 6.22, 6.31, 6.21, 6.25, 6.26, 6.25, 6.22, 6.29, 6.26, 6.26, 6.12, 6.10, 6.26, 6.23, 6.19, 6.17, 6.19, 6.12, 6.18, 6.18, 6.17, 6.19, 6.12, 6.17, 6.11, 6.18, 6.16, 

20:42:02 --> 6.12, 6.16, 6.16, 6.16, 6.14, 6.14, 6.17, 6.06, 6.14, 6.12, 6.18, 6.22, 6.09, 6.17, 6.21, 6.00, 6.08, 6.07, 6.04, 6.05, 6.17, 6.06, 6.10, 6.11, 6.08, 6.04, 6.07, 6.07, 6.05, 6.08, 6.15, 6.04, 6.15, 6.07, 6.07, 6.05, 6.06, 6.05, 6.02, 6.12, 6.07, 6.07, 6.04, 6.06, 6.04, 6.00, 6.06, 6.01, 6.11, 6.05, 6.02, 6.03, 6.00, 6.03, 6.05, 6.00, 5.96, 5.95, 6.02, 

20:43:03 --> 6.02, 5.96, 6.02, 6.02, 5.98, 6.02, 6.01, 5.99, 5.93, 5.97, 5.96, 5.99, 5.97, 5.96, 5.97, 5.92, 5.98, 5.92, 6.04, 5.91, 5.99, 5.92, 5.96, 5.93, 5.97, 5.96, 5.87, 5.89, 5.97, 5.95, 5.87, 6.00, 5.91, 5.91, 5.94, 5.93, 5.91, 5.91, 5.87, 5.94, 5.85, 5.92, 5.87, 5.92, 5.84, 5.92, 5.89, 5.89, 5.82, 5.85, 5.89, 5.92, 5.85, 5.87, 5.91, 5.84, 5.82, 5.85, 5.86, 

20:44:05 --> 5.81, 5.84, 5.83, 5.83, 5.83, 5.83, 5.84, 5.82, 5.83, 5.79, 5.81, 5.90, 5.81, 5.89, 5.76, 5.80, 5.75, 5.84, 5.76, 5.76, 5.84, 5.73, 5.82, 5.77, 5.90, 5.78, 5.78, 5.74, 5.82, 5.78, 5.77, 5.78, 5.76, 5.76, 5.72, 5.72, 5.75, 5.76, 5.69, 5.71, 5.71, 5.72, 5.73, 5.85, 5.72, 5.77, 5.80, 5.72, 5.78, 5.71, 5.82, 5.70, 5.73, 5.70, 5.74, 5.69, 5.77, 5.71, 5.72, 

20:45:06 --> 5.32, 5.56, 5.20, 5.67, 5.64, 5.64, 5.65, 5.65, 5.59, 5.68, 5.66, 5.59, 5.71, 5.66, 5.64, 5.67, 5.66, 5.64, 5.67, 5.71, 5.64, 5.66, 5.67, 5.62, 5.55, 5.65, 5.64, 5.62, 5.64, 5.71, 5.58, 5.67, 5.54, 5.61, 5.58, 5.48, 5.65, 5.65, 5.60, 5.64, 5.60, 5.61, 5.52, 5.64, 5.62, 5.60, 5.61, 5.53, 5.69, 5.57, 5.55, 5.62, 5.54, 5.53, 5.57, 5.64, 5.52, 5.51, 5.60, 

20:46:07 --> 5.55, 5.66, 5.56, 5.59, 5.48, 5.50, 5.52, 5.47, 5.50, 5.58, 5.59, 5.49, 5.53, 5.53, 5.54, 5.56, 5.49, 5.51, 5.61, 5.51, 5.44, 5.52, 5.46, 5.49, 5.51, 5.51, 5.49, 5.56, 5.46, 5.49, 5.51, 5.46, 5.47, 5.50, 5.53, 5.57, 5.47, 5.50, 5.50, 5.53, 5.48, 5.47, 5.43, 5.44, 5.46, 5.52, 5.42, 5.45, 5.51, 5.43, 5.48, 5.50, 5.42, 5.48, 5.42, 5.46, 5.41, 5.40, 5.42, 

20:47:09 --> 5.40, 5.43, 5.44, 5.48, 5.33, 5.39, 5.45, 5.45, 5.41, 5.41, 5.47, 5.39, 5.40, 5.35, 5.39, 5.45, 5.34, 5.34, 5.42, 5.34, 5.42, 5.37, 5.33, 5.50, 5.32, 5.25, 5.42, 5.39, 5.37, 5.35, 5.34, 5.33, 5.25, 5.35, 5.30, 5.31, 5.44, 5.28, 5.33, 5.27, 5.36, 5.32, 5.29, 5.32, 5.30, 5.24, 5.28, 5.30, 5.33, 5.35, 5.34, 5.36, 5.31, 5.31, 5.35, 5.18, 5.25, 5.22, 5.20, 

20:48:10 --> 5.26, 5.24, 5.26, 5.27, 5.31, 5.29, 5.21, 5.22, 5.19, 5.25, 5.27, 5.21, 5.22, 5.31, 5.25, 5.31, 5.19, 5.21, 5.20, 5.23, 5.28, 5.21, 5.25, 5.23, 5.18, 5.31, 5.14, 5.25, 5.28, 5.23, 5.16, 5.25, 5.25, 5.21, 5.20, 5.15, 5.15, 5.11, 5.25, 5.09, 5.14, 5.12, 5.24, 5.20, 5.18, 5.11, 5.24, 5.21, 5.18, 5.21, 5.24, 5.21, 5.23, 5.15, 5.07, 5.20, 5.12, 5.18, 5.14, 

20:49:11 --> 5.17, 5.15, 5.17, 5.22, 5.22, 5.08, 5.12, 5.16, 5.18, 5.08, 5.15, 5.12, 5.15, 5.14, 5.07, 5.16, 5.09, 5.17, 5.03, 4.98, 5.02, 4.93, 5.06, 5.09, 5.12, 5.08, 5.05, 5.06, 5.12, 5.00, 5.08, 5.07, 5.10, 5.02, 5.07, 5.11, 5.05, 5.09, 5.04, 4.99, 5.11, 5.10, 5.08, 5.06, 5.01, 4.95, 5.12, 5.03, 5.15, 5.04, 5.02, 5.05, 5.01, 5.03, 5.06, 4.95, 4.91, 4.95, 4.93, 

20:50:13 --> 4.93, 5.01, 5.03, 5.01, 4.99, 4.99, 4.98, 5.07, 5.00, 4.93, 4.99, 4.93, 4.95, 4.90, 4.97, 5.04, 4.99, 4.94, 5.05, 4.96, 4.97, 4.99, 4.92, 4.99, 4.95, 4.93, 4.91, 4.94, 4.93, 4.92, 4.87, 4.96, 4.98, 5.00, 4.89, 4.98, 4.92, 4.95, 5.00, 4.92, 4.93, 4.96, 4.89, 4.87, 4.91, 4.96, 4.89, 4.92, 4.92, 4.92, 4.97, 4.90, 4.91, 4.96, 4.87, 4.92, 4.92, 4.94, 4.82, 

20:51:14 --> 4.85, 4.94, 4.80, 4.93, 4.90, 4.91, 4.92, 4.94, 4.92, 4.89, 4.96, 4.83, 4.86, 4.92, 4.77, 4.90, 4.84, 4.86, 4.89, 4.85, 4.79, 4.86, 4.91, 4.85, 4.81, 4.81, 4.87, 4.87, 4.83, 4.92, 4.87, 4.78, 4.84, 4.82, 4.87, 4.72, 4.81, 4.77, 4.91, 4.75, 4.79, 4.91, 4.76, 4.80, 4.84, 4.84, 4.78, 4.83, 4.83, 4.83, 4.84, 4.90, 4.79, 4.82, 4.71, 4.77, 4.82, 4.87, 4.82, 

20:52:16 --> 4.75, 4.74, 4.79, 4.77, 4.80, 4.74, 4.75, 4.79, 4.78, 4.83, 4.76, 4.81, 4.72, 4.72, 4.83, 4.83, 4.70, 4.69, 4.71, 4.73, 4.85, 4.68, 4.76, 4.87, 4.76, 4.68, 4.71, 4.68, 4.64, 4.61, 4.67, 4.83, 4.72, 4.69, 4.76, 4.72, 4.69, 4.66, 4.71, 4.66, 4.64, 4.69, 4.70, 4.70, 4.64, 4.67, 4.62, 4.69, 4.64, 4.73, 4.64, 4.65, 4.66, 4.64, 4.75, 4.68, 4.68, 4.65, 4.68, 

20:53:17 --> 4.67, 4.52, 4.66, 4.56, 4.69, 4.69, 4.61, 4.65, 4.67, 4.64, 4.59, 4.68, 4.56, 4.69, 4.61, 4.67, 4.61, 4.50, 4.58, 4.60, 4.61, 4.69, 4.56, 4.53, 4.67, 4.53, 4.65, 4.51, 4.61, 4.65, 4.54, 4.57, 4.55, 4.59, 4.54, 4.69, 4.60, 4.58, 4.65, 4.59, 4.56, 4.50, 4.44, 4.60, 4.50, 4.45, 4.52, 4.62, 4.50, 4.59, 4.62, 4.52, 4.45, 4.54, 4.59, 4.50, 4.64, 4.56, 4.48, 

20:54:18 --> 4.56, 4.55, 4.61, 4.50, 4.52, 4.62, 4.48, 4.54, 4.56, 4.40, 4.52, 4.53, 4.50, 4.49, 4.57, 4.43, 4.54, 4.54, 4.44, 4.50, 4.53, 4.54, 4.50, 4.48, 4.60, 4.46, 4.46, 4.45, 4.44, 4.49, 4.48, 4.49, 4.53, 4.47, 4.53, 4.51, 4.44, 4.47, 4.50, 4.46, 4.50, 4.31, 4.54, 4.35, 4.45, 4.45, 4.43, 4.40, 4.39, 4.42, 4.35, 4.42, 4.43, 4.36, 4.28, 4.46, 4.41, 4.45, 4.43, 

20:55:20 --> 4.35, 4.49, 4.45, 4.32, 4.29, 4.29, 4.42, 4.39, 4.33, 4.44, 4.43, 4.37, 4.44, 4.49, 4.47, 4.43, 4.47, 4.41, 4.42, 4.45, 4.35, 4.42, 4.37, 4.33, 4.31, 4.35, 4.34, 4.25, 4.37, 4.36, 4.49, 4.37, 4.39, 4.31, 4.42, 4.32, 4.46, 4.37, 4.34, 4.30, 4.35, 4.32, 4.45, 4.32, 4.36, 4.29, 4.41, 4.40, 4.36, 4.40, 3.86, 4.37, 3.98, 4.36, 4.35, 4.43, 4.33, 4.30, 4.34, 

20:56:21 --> 4.28, 4.32, 4.26, 4.21, 4.28, 4.29, 4.33, 4.31, 4.28, 4.31, 4.31, 4.22, 4.24, 4.21, 4.25, 4.30, 4.25, 4.26, 4.27, 4.25, 4.24, 4.34, 4.21, 4.30, 4.26, 4.23, 4.30, 4.31, 4.25, 4.29, 4.25, 4.30, 4.30, 4.35, 4.22, 4.19, 4.22, 4.10, 4.31, 4.21, 4.22, 4.18, 4.22, 4.16, 4.23, 4.21, 4.23, 4.20, 4.20, 4.34, 4.22, 4.17, 4.30, 4.16, 4.23, 4.16, 4.16, 4.21, 4.14, 

20:57:23 --> 4.18, 4.25, 4.19, 4.18, 4.18, 4.14, 4.24, 4.20, 4.31, 4.20, 4.18, 4.17, 4.16, 4.06, 4.20, 4.15, 4.18, 4.17, 4.27, 4.18, 4.22, 4.11, 4.12, 4.17, 4.12, 4.09, 4.16, 4.21, 4.10, 4.06, 4.20, 4.16, 4.12, 4.08, 4.11, 4.22, 4.20, 4.19, 4.19, 4.06, 4.11, 4.07, 4.08, 4.10, 4.06, 4.19, 4.18, 4.12, 3.95, 4.11, 4.12, 4.15, 4.10, 4.12, 4.10, 4.09, 4.02, 3.99, 4.14, 

20:58:24 --> 4.20, 4.11, 4.08, 4.10, 4.02, 4.20, 4.04, 4.09, 4.03, 4.08, 4.06, 4.11, 4.01, 4.17, 4.02, 4.11, 3.98, 4.07, 4.12, 4.05, 4.04, 4.07, 4.03, 4.08, 4.02, 4.04, 4.14, 4.05, 4.01, 4.05, 4.12, 4.04, 4.04, 4.09, 4.04, 4.07, 4.09, 4.03, 4.01, 4.02, 4.04, 3.97, 4.05, 3.99, 3.97, 4.00, 3.90, 3.99, 4.01, 4.06, 4.08, 3.96, 4.00, 3.99, 3.97, 4.10, 3.97, 4.06, 4.01, 

20:59:26 --> 4.04, 4.00, 3.99, 4.03, 4.02, 3.92, 3.95, 3.99, 3.92, 3.97, 3.96, 3.86, 3.96, 3.94, 3.96, 3.97, 4.04, 3.99, 3.96, 3.99, 4.01, 4.02, 3.93, 3.92, 4.00, 3.98, 4.00, 3.91, 3.91, 4.00, 3.95, 3.86, 3.92, 3.98, 3.91, 3.94, 4.02, 3.83, 3.96, 3.86, 3.83, 3.79, 3.81, 3.79, 3.96, 4.00, 3.97, 3.91, 3.94, 3.82, 3.87, 3.84, 3.95, 3.92, 3.92, 3.84, 3.76, 3.93, 3.92, 

21:00:27 --> 3.89, 3.83, 3.89, 3.95, 3.90, 3.87, 3.92, 3.87, 3.92, 3.91, 3.84, 3.92, 3.89, 3.90, 3.97, 3.84, 3.92, 3.83, 3.84, 3.81, 3.87, 3.79, 3.87, 3.86, 3.90, 3.83, 3.91, 3.85, 3.86, 3.81, 3.93, 3.71, 3.76, 3.83, 3.73, 3.77, 3.80, 3.93, 3.83, 3.78, 3.87, 3.85, 3.77, 3.81, 3.89, 3.80, 3.71, 3.80, 3.81, 3.74, 3.89, 3.76, 3.80, 3.84, 3.74, 3.83, 3.74, 3.82, 3.87, 

21:01:28 --> 3.80, 3.82, 3.73, 3.79, 3.78, 3.72, 3.81, 3.73, 3.81, 3.76, 3.77, 3.83, 3.72, 3.78, 3.70, 3.80, 3.80, 3.73, 3.78, 3.76, 3.81, 3.73, 3.76, 3.72, 3.66, 3.76, 3.66, 3.67, 3.70, 3.71, 3.68, 3.75, 3.75, 3.73, 3.72, 3.76, 3.70, 3.78, 3.73, 3.76, 3.71, 3.77, 3.66, 3.72, 3.71, 3.76, 3.72, 3.73, 3.68, 3.80, 3.65, 3.73, 3.67, 3.76, 3.83, 3.71, 3.75, 3.72, 3.66, 

21:02:30 --> 3.68, 3.62, 3.70, 3.75, 3.67, 3.80, 3.64, 3.73, 3.65, 3.67, 3.73, 3.83, 3.64, 3.72, 3.64, 3.61, 3.61, 3.49, 3.51, 3.62, 3.70, 3.62, 3.60, 3.64, 3.68, 3.69, 3.60, 3.76, 3.70, 3.71, 3.68, 3.60, 3.64, 3.57, 3.57, 3.57, 3.59, 3.74, 3.57, 3.73, 3.73, 3.64, 3.78, 3.66, 3.60, 3.55, 3.61, 3.66, 3.62, 3.57, 3.61, 3.66, 3.67, 3.59, 3.68, 3.66, 3.69, 3.57, 3.65, 

21:03:31 --> 3.53, 3.56, 3.48, 3.54, 3.60, 3.60, 3.57, 3.59, 3.60, 3.69, 3.60, 3.56, 3.52, 3.51, 3.69, 3.60, 3.52, 3.54, 3.62, 3.58, 3.59, 3.49, 3.56, 3.55, 3.50, 3.67, 3.55, 3.61, 3.60, 3.56, 3.51, 3.52, 3.56, 3.54, 3.54, 3.58, 3.58, 3.52, 3.51, 3.54, 3.51, 3.55, 3.55, 3.47, 3.59, 3.49, 3.52, 3.54, 3.57, 3.46, 3.56, 3.53, 3.42, 3.57, 3.46, 3.54, 3.54, 3.52, 3.48, 

21:04:33 --> 3.50, 3.48, 3.45, 3.53, 3.45, 3.52, 3.52, 3.55, 3.58, 3.52, 3.45, 3.52, 3.41, 3.52, 3.49, 3.45, 3.46, 3.49, 3.54, 3.52, 3.53, 3.58, 3.48, 3.54, 3.50, 3.45, 3.40, 3.49, 3.43, 3.45, 3.54, 3.37, 3.43, 3.47, 3.42, 3.41, 3.36, 3.45, 3.51, 3.44, 3.50, 3.46, 3.53, 3.46, 3.46, 3.51, 3.46, 3.48, 3.47, 3.46, 3.43, 3.43, 3.48, 3.34, 3.36, 3.35, 3.47, 3.48, 3.54, 

21:05:34 --> 3.42, 3.44, 3.49, 3.36, 3.36, 3.43, 3.42, 3.42, 3.44, 3.34, 3.37, 3.41, 3.37, 3.43, 3.44, 3.39, 3.40, 3.39, 3.36, 3.32, 3.46, 3.37, 3.41, 3.47, 3.43, 3.41, 3.33, 3.30, 3.37, 3.35, 3.22, 3.24, 3.33, 3.44, 3.39, 3.37, 3.41, 3.31, 3.34, 3.35, 3.32, 3.39, 3.37, 3.41, 3.35, 3.37, 3.37, 3.34, 3.31, 3.31, 3.25, 3.33, 3.32, 3.34, 3.32, 3.29, 3.33, 3.30, 3.31, 

21:06:36 --> 3.40, 3.36, 3.34, 3.30, 3.42, 3.33, 3.39, 3.36, 3.31, 3.29, 3.43, 3.29, 3.25, 3.19, 3.25, 3.34, 3.30, 3.30, 3.23, 3.32, 3.32, 3.32, 3.33, 3.26, 3.28, 3.32, 3.28, 3.31, 3.26, 3.32, 3.28, 3.27, 3.29, 3.35, 3.27, 3.27, 3.24, 3.24, 3.21, 3.24, 3.18, 3.23, 3.11, 3.21, 3.29, 3.32, 3.25, 3.18, 3.21, 3.29, 3.22, 3.28, 3.26, 3.21, 3.34, 3.28, 3.24, 3.18, 3.30, 

21:07:37 --> 3.23, 3.20, 3.23, 3.28, 3.21, 3.20, 3.16, 3.27, 3.22, 3.26, 3.24, 3.19, 3.26, 3.23, 3.24, 3.23, 3.20, 3.25, 3.27, 3.19, 3.19, 3.24, 3.20, 3.20, 3.20, 3.23, 3.20, 3.21, 3.25, 3.20, 3.24, 3.21, 3.31, 3.15, 3.21, 3.15, 3.19, 3.18, 3.23, 3.24, 3.16, 3.09, 3.19, 3.18, 3.17, 3.23, 3.22, 3.19, 3.19, 3.19, 3.19, 3.17, 3.21, 3.14, 3.19, 3.18, 3.20, 3.18, 3.07, 

21:08:39 --> 3.21, 3.20, 3.15, 3.10, 3.14, 3.17, 3.25, 3.21, 3.15, 3.18, 3.04, 3.08, 3.16, 3.06, 3.14, 3.08, 3.07, 3.15, 3.15, 3.15, 3.18, 3.18, 3.17, 3.15, 3.18, 3.07, 3.15, 3.05, 3.11, 3.10, 3.07, 3.15, 3.10, 3.16, 3.04, 3.07, 3.06, 3.06, 3.18, 3.14, 3.18, 3.18, 3.21, 3.04, 2.97, 3.10, 3.10, 3.10, 3.02, 3.17, 3.10, 3.06, 3.06, 3.14, 3.16, 3.09, 3.12, 3.12, 3.16, 

21:09:40 --> 3.09, 3.16, 3.05, 3.02, 3.02, 3.05, 3.09, 3.12, 3.01, 3.15, 3.06, 3.08, 3.11, 3.10, 3.10, 3.00, 3.03, 3.02, 3.06, 3.07, 3.14, 3.02, 3.07, 3.05, 2.97, 3.10, 3.00, 3.04, 3.18, 3.06, 3.02, 3.06, 2.97, 3.02, 3.09, 2.99, 3.08, 3.05, 3.12, 3.06, 2.87, 3.03, 3.03, 3.07, 3.06, 3.11, 3.07, 2.99, 3.07, 3.05, 3.14, 2.99, 3.04, 3.07, 3.02, 3.08, 3.14, 3.02, 3.03, 

21:10:41 --> 2.56, 3.02, 2.54, 2.90, 3.06, 3.06, 3.03, 2.99, 2.92, 3.06, 2.95, 3.02, 2.94, 3.00, 3.01, 3.03, 2.97, 2.97, 3.00, 2.91, 2.93, 3.02, 2.90, 3.02, 2.97, 2.96, 3.04, 2.92, 2.99, 3.05, 2.99, 2.94, 2.96, 2.93, 2.99, 2.95, 2.89, 2.92, 2.91, 2.94, 2.95, 2.95, 2.96, 2.97, 2.89, 3.03, 2.92, 2.98, 2.87, 2.93, 3.03, 2.89, 2.94, 2.81, 2.91, 2.84, 2.85, 2.93, 2.87, 

21:11:43 --> 2.96, 2.91, 3.03, 2.92, 2.92, 2.94, 2.84, 2.98, 2.95, 2.93, 2.95, 2.89, 2.91, 2.94, 2.87, 2.85, 2.86, 2.95, 2.94, 2.91, 2.89, 2.86, 2.87, 2.89, 2.95, 2.90, 2.92, 2.82, 2.89, 2.90, 2.84, 2.92, 2.91, 2.90, 2.94, 2.93, 2.84, 2.96, 2.85, 2.86, 2.83, 2.90, 2.87, 2.87, 2.86, 2.78, 2.94, 2.86, 2.89, 2.81, 2.83, 2.81, 2.86, 2.74, 2.79, 2.89, 2.90, 2.87, 2.99, 

21:12:44 --> 2.85, 2.84, 2.84, 2.86, 2.79, 2.73, 2.78, 2.84, 2.78, 2.89, 2.89, 2.87, 2.90, 2.78, 2.84, 2.86, 2.83, 2.83, 2.83, 2.77, 2.86, 2.80, 2.85, 2.81, 2.76, 2.92, 2.86, 2.84, 2.79, 2.84, 2.84, 2.80, 2.86, 2.75, 2.85, 2.82, 2.78, 2.89, 2.77, 2.81, 2.84, 2.75, 2.78, 2.84, 2.75, 2.68, 2.79, 2.79, 2.80, 2.75, 2.81, 2.81, 2.76, 2.76, 2.81, 2.72, 2.85, 2.81, 2.75, 

21:13:46 --> 2.77, 2.78, 2.79, 2.74, 2.77, 2.78, 2.86, 2.73, 2.78, 2.73, 2.79, 2.81, 2.73, 2.83, 2.73, 2.78, 2.78, 2.78, 2.81, 2.76, 2.86, 2.72, 2.75, 2.75, 2.77, 2.71, 2.72, 2.80, 2.76, 2.75, 2.75, 2.78, 2.79, 2.61, 2.75, 2.71, 2.71, 2.75, 2.70, 2.79, 2.78, 2.76, 2.65, 2.77, 2.78, 2.62, 2.72, 2.71, 2.70, 2.72, 2.69, 2.72, 2.77, 2.66, 2.80, 2.80, 2.61, 2.71, 2.72, 

21:14:47 --> 2.74, 2.73, 2.77, 2.70, 2.70, 2.69, 2.74, 2.78, 2.68, 2.66, 2.72, 2.66, 2.75, 2.61, 2.68, 2.57, 2.70, 2.73, 2.69, 2.73, 2.68, 2.66, 2.65, 2.70, 2.78, 2.75, 2.67, 2.61, 2.71, 2.69, 2.76, 2.74, 2.66, 2.65, 2.61, 2.66, 2.66, 2.68, 2.69, 2.75, 2.67, 2.67, 2.73, 2.61, 2.81, 2.66, 2.68, 2.70, 2.65, 2.72, 2.64, 2.57, 2.62, 2.56, 2.64, 2.67, 2.66, 2.61, 2.64, 

21:15:49 --> 2.62, 2.71, 2.70, 2.65, 2.65, 2.62, 2.64, 2.61, 2.68, 2.60, 2.53, 2.66, 2.78, 2.64, 2.69, 2.60, 2.64, 2.55, 2.67, 2.67, 2.57, 2.59, 2.64, 2.60, 2.62, 2.64, 2.71, 2.61, 2.65, 2.64, 2.59, 2.57, 2.72, 2.60, 2.66, 2.58, 2.59, 2.60, 2.67, 2.60, 2.60, 2.60, 2.53, 2.60, 2.59, 2.53, 2.56, 2.66, 2.58, 2.55, 2.52, 2.59, 2.49, 2.50, 2.57, 2.67, 2.58, 2.52, 2.57, 

21:16:50 --> 2.61, 2.65, 2.67, 2.66, 2.59, 2.51, 2.56, 2.56, 2.54, 2.68, 2.56, 2.58, 2.47, 2.54, 2.56, 2.58, 2.56, 2.59, 2.57, 2.52, 2.60, 2.55, 2.55, 2.55, 2.54, 2.64, 2.54, 2.60, 2.50, 2.59, 2.60, 2.55, 2.60, 2.53, 2.58, 2.51, 2.60, 2.20, 2.60, 2.12, 2.48, 2.49, 2.51, 2.47, 2.51, 2.51, 2.52, 2.58, 2.54, 2.57, 2.52, 2.52, 2.52, 2.59, 2.52, 2.54, 2.54, 2.48, 2.53, 

21:17:51 --> 2.49, 2.56, 2.52, 2.49, 2.57, 2.51, 2.53, 2.57, 2.60, 2.60, 2.52, 2.44, 2.45, 2.52, 2.55, 2.56, 2.50, 2.49, 2.52, 2.57, 2.46, 2.49, 2.50, 2.36, 2.37, 2.47, 2.37, 2.42, 2.46, 2.46, 2.51, 2.52, 2.42, 2.48, 2.46, 2.49, 2.53, 2.52, 2.47, 2.55, 2.43, 2.42, 2.42, 2.40, 2.50, 2.44, 2.47, 2.47, 2.51, 2.50, 2.40, 2.51, 2.55, 2.45, 2.37, 2.43, 2.50, 2.54, 2.41, 

21:18:53 --> 2.51, 2.40, 2.53, 2.47, 2.50, 2.39, 2.37, 2.37, 2.45, 2.32, 2.40, 2.45, 2.39, 2.43, 2.50, 2.45, 2.49, 2.42, 2.41, 2.42, 2.49, 2.40, 2.41, 2.40, 2.46, 2.49, 2.41, 2.42, 2.43, 2.43, 2.45, 2.42, 2.44, 2.46, 2.45, 2.41, 2.50, 2.46, 2.37, 2.45, 2.35, 2.45, 2.33, 2.47, 2.43, 2.43, 2.34, 2.47, 2.32, 2.33, 2.35, 2.37, 2.43, 2.36, 2.45, 2.44, 2.40, 2.42, 2.46, 

21:19:54 --> 2.39, 2.42, 2.29, 2.45, 2.40, 2.39, 2.31, 2.47, 2.35, 2.36, 2.28, 2.37, 2.31, 2.42, 2.36, 2.37, 2.54, 2.32, 2.49, 2.31, 2.36, 2.41, 2.39, 2.30, 2.39, 2.40, 2.47, 2.32, 2.37, 2.32, 2.36, 2.30, 2.39, 2.32, 2.33, 2.27, 2.30, 2.33, 2.37, 2.37, 2.33, 2.41, 2.39, 2.33, 2.32, 2.41, 2.24, 2.35, 2.36, 2.30, 2.35, 2.37, 2.42, 2.30, 2.28, 2.34, 2.37, 2.29, 2.33, 

21:20:56 --> 2.29, 2.37, 2.35, 2.40, 2.30, 2.27, 2.29, 2.33, 2.34, 2.28, 2.40, 2.35, 2.27, 2.33, 2.31, 2.26, 2.31, 2.31, 2.32, 2.27, 2.27, 2.31, 2.30, 2.33, 2.33, 2.26, 2.26, 2.22, 2.27, 2.25, 2.28, 2.32, 2.36, 2.28, 2.27, 2.35, 2.32, 2.36, 2.28, 2.31, 2.34, 2.27, 2.28, 2.34, 2.36, 2.33, 2.27, 2.30, 2.31, 2.33, 2.31, 2.33, 2.33, 2.30, 2.33, 2.43, 2.33, 2.23, 2.33, 

21:21:57 --> 2.22, 2.26, 2.35, 2.35, 2.29, 2.23, 2.31, 2.25, 2.27, 2.23, 2.29, 2.30, 2.28, 2.24, 2.18, 2.34, 2.30, 2.24, 2.28, 2.23, 2.30, 2.35, 2.20, 2.34, 2.25, 2.35, 2.27, 2.25, 2.22, 2.24, 2.25, 2.33, 2.29, 2.29, 2.27, 2.27, 2.21, 2.25, 2.28, 2.29, 2.18, 2.22, 2.25, 2.25, 2.19, 2.20, 2.32, 2.26, 2.21, 2.24, 2.22, 2.27, 2.27, 2.19, 2.27, 2.31, 2.26, 2.27, 2.31, 

21:22:59 --> 2.30, 2.27, 2.21, 2.30, 2.24, 2.23, 2.29, 2.16, 2.20, 2.16, 2.29, 2.24, 2.21, 2.25, 2.31, 2.15, 2.22, 2.22, 2.27, 2.23, 2.09, 2.17, 2.26, 2.27, 2.23, 2.22, 2.21, 2.18, 2.21, 2.16, 2.30, 2.19, 2.16, 2.12, 2.17, 2.27, 2.17, 2.22, 2.20, 2.23, 2.11, 2.23, 2.19, 2.31, 2.26, 2.31, 2.23, 2.12, 2.14, 2.18, 2.27, 2.14, 2.21, 2.22, 2.16, 2.20, 2.21, 2.20, 2.25, 

21:24:00 --> 2.16, 2.18, 2.10, 2.11, 2.21, 2.19, 2.23, 2.19, 2.21, 2.15, 2.18, 2.04, 2.15, 2.10, 2.15, 2.24, 2.08, 2.18, 2.19, 2.15, 2.24, 2.10, 2.22, 2.17, 2.21, 2.20, 2.15, 2.10, 2.16, 2.18, 2.12, 2.14, 2.20, 2.19, 2.31, 2.11, 2.12, 2.15, 2.08, 2.22, 2.15, 2.20, 2.15, 2.25, 2.16, 2.10, 2.17, 2.16, 2.22, 2.19, 2.20, 2.24, 2.17, 2.17, 2.11, 2.16, 2.16, 2.10, 2.22, 

21:25:02 --> 2.07, 2.08, 2.04, 2.06, 2.18, 2.11, 2.03, 2.09, 2.14, 2.08, 2.19, 2.14, 2.07, 2.17, 2.20, 2.12, 2.12, 2.21, 2.09, 2.20, 2.12, 2.22, 2.07, 2.18, 2.08, 2.10, 2.16, 2.10, 2.12, 2.10, 2.21, 2.10, 2.05, 2.17, 2.06, 2.10, 2.03, 2.15, 2.11, 2.05, 2.06, 2.16, 2.10, 2.07, 2.05, 2.06, 2.15, 2.12, 2.14, 2.14, 2.14, 2.07, 2.08, 2.11, 2.06, 2.14, 2.10, 2.03, 2.11, 

21:26:03 --> 2.04, 2.06, 2.08, 2.11, 2.10, 2.15, 2.05, 2.14, 2.10, 2.03, 2.07, 2.04, 2.08, 2.18, 2.11, 2.02, 2.05, 2.02, 2.09, 2.09, 2.12, 2.07, 2.07, 2.10, 2.09, 2.02, 1.99, 2.06, 2.06, 1.99, 2.09, 1.99, 2.10, 2.15, 2.12, 2.02, 2.10, 1.98, 2.18, 2.02, 2.05, 2.01, 2.15, 2.06, 2.05, 1.97, 1.62, 2.04, 2.06, 2.02, 2.04, 1.96, 2.11, 2.01, 2.03, 2.01, 2.04, 2.01, 2.08, 

21:27:05 --> 1.94, 2.00, 2.06, 2.15, 2.02, 2.05, 2.16, 2.10, 2.11, 2.05, 1.58, 2.05, 2.06, 1.99, 2.02, 1.99, 2.06, 1.98, 2.06, 2.03, 2.12, 2.00, 2.03, 2.03, 2.06, 2.07, 1.93, 2.05, 2.02, 2.12, 1.97, 2.00, 2.05, 2.00, 2.07, 1.99, 1.91, 1.98, 2.03, 1.99, 2.00, 2.06, 1.98, 2.05, 2.04, 1.92, 2.03, 1.97, 1.98, 1.95, 1.92, 1.94, 1.91, 2.06, 2.03, 2.01, 1.94, 1.98, 2.04, 

21:28:06 --> 1.95, 2.09, 1.91, 1.93, 2.00, 1.99, 1.99, 1.98, 1.99, 1.99, 1.99, 1.99, 1.95, 1.94, 2.02, 2.00, 2.05, 1.93, 1.92, 2.08, 1.89, 2.03, 2.02, 1.99, 2.01, 1.98, 1.91, 1.92, 2.04, 1.96, 1.94, 1.93, 1.99, 1.85, 1.97, 1.87, 1.84, 1.94, 1.93, 2.02, 2.04, 2.00, 1.96, 1.97, 1.96, 1.92, 1.95, 1.91, 1.92, 1.91, 2.01, 1.92, 2.01, 1.98, 2.05, 1.94, 1.94, 1.95, 1.93, 

21:29:08 --> 1.93, 1.92, 1.94, 1.91, 1.96, 1.99, 1.93, 1.97, 2.05, 1.97, 2.01, 1.98, 1.98, 1.94, 1.94, 1.85, 1.98, 1.95, 1.97, 1.94, 1.90, 1.96, 1.96, 1.98, 1.92, 1.87, 1.89, 1.90, 2.04, 1.94, 1.91, 1.85, 1.89, 1.85, 1.93, 1.91, 1.94, 1.90, 1.90, 1.86, 1.94, 1.99, 1.89, 1.92, 1.92, 1.92, 1.84, 1.96, 1.96, 1.83, 1.85, 1.77, 1.90, 2.09, 1.85, 1.82, 1.94, 1.93, 1.78, 

21:30:09 --> 1.77, 1.82, 1.84, 1.89, 1.87, 1.93, 1.82, 1.86, 1.96, 1.71, 1.78, 1.80, 1.89, 1.82, 1.69, 1.74, 1.82, 1.84, 1.92, 1.81, 1.94, 1.74, 1.84, 1.81, 1.77, 1.82, 1.77, 1.82, 1.82, 1.86, 1.83, 1.83, 1.92, 1.87, 1.89, 1.87, 1.93, 1.84, 1.87, 1.80, 1.90, 1.87, 1.89, 1.85, 1.90, 1.92, 1.87, 1.94, 1.85, 2.00, 1.86, 1.89, 1.81, 1.93, 1.86, 1.97, 1.80, 1.76, 1.90, 

21:31:11 --> 1.84, 1.82, 1.92, 1.89, 1.85, 1.97, 1.82, 1.87, 1.90, 1.81, 1.84, 1.86, 1.80, 1.81, 1.85, 1.84, 1.90, 1.86, 1.96, 1.86, 1.81, 1.93, 1.78, 1.78, 1.80, 1.86, 1.86, 1.87, 1.81, 1.89, 1.82, 1.79, 1.87, 1.89, 1.83, 1.84, 1.78, 1.75, 1.79, 1.91, 1.79, 1.79, 1.83, 1.80, 1.78, 1.83, 1.78, 1.84, 1.84, 1.91, 1.79, 1.78, 1.76, 1.81, 1.81, 1.83, 1.81, 1.85, 1.81, 

21:32:12 --> 1.94, 1.84, 1.76, 1.80, 1.81, 1.80, 1.76, 1.82, 1.85, 1.81, 1.83, 1.75, 1.84, 1.81, 1.83, 1.78, 1.83, 1.90, 1.84, 1.81, 1.75, 1.76, 1.80, 1.82, 1.76, 1.83, 1.83, 1.72, 1.70, 1.89, 1.80, 1.79, 1.81, 1.85, 1.86, 1.81, 1.82, 1.81, 1.90, 1.80, 1.74, 1.85, 1.75, 1.74, 1.77, 1.78, 1.73, 1.67, 1.78, 1.72, 1.75, 1.65, 1.68, 1.69, 1.74, 1.73, 1.72, 1.78, 1.75, 

21:33:14 --> 1.74, 1.73, 1.70, 1.75, 1.74, 1.65, 1.72, 1.81, 1.82, 1.82, 1.79, 1.76, 1.82, 1.67, 1.78, 1.74, 1.78, 1.73, 1.77, 1.73, 1.81, 1.79, 1.79, 1.72, 1.76, 1.68, 1.73, 1.78, 1.80, 1.79, 1.76, 1.85, 1.78, 1.82, 1.79, 1.73, 1.74, 1.74, 1.78, 1.75, 1.76, 1.73, 1.79, 1.74, 1.74, 1.72, 1.71, 1.68, 1.70, 1.73, 1.75, 1.72, 1.74, 1.77, 1.69, 1.67, 1.82, 1.69, 1.70, 

21:34:15 --> 1.79, 1.75, 1.80, 1.72, 1.74, 1.75, 1.75, 1.79, 1.64, 1.79, 1.73, 1.83, 1.82, 1.74, 1.82, 1.77, 1.79, 1.80, 1.83, 1.70, 1.69, 1.72, 1.84, 1.77, 1.82, 1.75, 1.70, 1.67, 1.76, 1.70, 1.76, 1.73, 1.72, 1.65, 1.70, 1.79, 1.77, 1.72, 1.74, 1.69, 1.68, 1.64, 1.71, 1.71, 1.81, 1.71, 1.72, 1.67, 1.70, 1.68, 1.74, 1.64, 1.66, 1.70, 1.68, 1.72, 1.77, 1.70, 1.65, 

21:35:17 --> 1.68, 1.71, 1.73, 1.81, 1.67, 1.71, 1.71, 1.75, 1.70, 1.65, 1.71, 1.71, 1.71, 1.67, 1.74, 1.72, 1.61, 1.64, 1.65, 1.77, 1.68, 1.69, 1.74, 1.70, 1.59, 1.74, 1.75, 1.70, 1.74, 1.71, 1.61, 1.68, 1.73, 1.69, 1.71, 1.65, 1.71, 1.73, 1.67, 1.67, 1.76, 1.70, 1.78, 1.76, 1.72, 1.60, 1.69, 1.71, 1.73, 1.76, 1.62, 1.72, 1.61, 1.74, 1.78, 1.72, 1.71, 1.62, 1.57, 

21:36:18 --> 1.67, 1.69, 1.66, 1.80, 1.69, 1.65, 1.66, 1.72, 1.75, 1.64, 1.66, 1.67, 1.73, 1.71, 1.58, 1.66, 1.69, 1.72, 1.65, 1.66, 1.68, 1.62, 1.74, 1.62, 1.73, 1.67, 1.74, 1.74, 1.67, 1.64, 1.67, 1.62, 1.56, 1.59, 1.59, 1.59, 1.62, 1.71, 1.66, 1.57, 1.60, 1.72, 1.69, 1.61, 1.60, 1.59, 1.60, 1.66, 1.54, 1.59, 1.58, 1.67, 1.70, 1.67, 1.64, 1.58, 1.65, 1.56, 1.64, 

21:37:20 --> 1.60, 1.71, 1.66, 1.64, 1.53, 1.77, 1.64, 1.65, 1.61, 1.59, 1.60, 1.59, 1.71, 1.68, 1.65, 1.62, 1.57, 1.52, 1.64, 1.64, 1.51, 1.59, 1.64, 1.54, 1.65, 1.70, 1.57, 1.60, 1.64, 1.61, 1.64, 1.66, 1.66, 1.60, 1.61, 1.60, 1.70, 1.70, 1.64, 1.66, 1.70, 1.64, 1.64, 1.65, 1.72, 1.61, 1.67, 1.71, 1.61, 1.57, 1.52, 1.55, 1.59, 1.61, 1.64, 1.58, 1.62, 1.53, 1.48, 

21:38:21 --> 1.53, 1.57, 1.59, 1.66, 1.57, 1.55, 1.65, 1.60, 1.58, 1.55, 1.60, 1.57, 1.55, 1.57, 1.59, 1.60, 1.54, 1.61, 1.60, 1.56, 1.65, 1.66, 1.67, 1.55, 1.59, 1.60, 1.56, 1.59, 1.58, 1.60, 1.48, 1.58, 1.57, 1.62, 1.48, 1.58, 1.58, 1.53, 1.60, 1.55, 1.56, 1.61, 1.54, 1.53, 1.55, 1.58, 1.60, 1.58, 1.56, 1.47, 1.50, 1.58, 1.48, 1.57, 1.60, 1.59, 1.62, 1.55, 1.55, 

21:39:23 --> 1.54, 1.55, 1.54, 1.60, 1.55, 1.60, 1.67, 1.59, 1.60, 1.54, 1.54, 1.58, 1.66, 1.59, 1.50, 1.56, 1.65, 1.53, 1.56, 1.57, 1.55, 1.66, 1.57, 1.67, 1.49, 1.47, 1.55, 1.48, 1.55, 1.53, 1.45, 1.58, 1.49, 1.65, 1.56, 1.49, 1.46, 1.59, 1.01, 1.42, 1.53, 1.56, 1.53, 1.52, 1.59, 1.65, 1.60, 1.62, 1.55, 1.58, 1.46, 1.47, 1.52, 1.56, 1.60, 1.50, 1.56, 1.56, 1.46, 

21:40:24 --> 1.51, 1.52, 1.53, 1.46, 1.48, 1.60, 1.52, 1.58, 1.53, 1.50, 1.54, 1.60, 1.54, 1.60, 1.48, 1.50, 1.47, 1.43, 1.48, 1.48, 1.57, 1.48, 1.52, 1.51, 1.65, 1.54, 1.43, 1.58, 1.59, 1.50, 1.46, 1.46, 1.48, 1.56, 1.55, 1.55, 1.50, 1.50, 1.51, 1.50, 1.59, 1.50, 1.53, 1.49, 1.59, 1.55, 1.46, 1.56, 1.60, 1.46, 1.52, 1.46, 1.50, 1.58, 1.55, 1.58, 1.48, 1.52, 1.52, 

21:41:26 --> 1.60, 1.55, 1.50, 1.43, 1.34, 1.45, 1.53, 1.39, 1.40, 1.46, 1.39, 1.41, 1.40, 1.43, 1.39, 1.46, 1.56, 1.50, 1.51, 1.50, 1.49, 1.44, 1.35, 1.46, 1.55, 1.48, 1.44, 1.55, 1.50, 1.54, 1.53, 1.48, 1.55, 1.51, 1.49, 1.52, 1.58, 1.40, 1.50, 1.49, 1.45, 1.48, 1.62, 1.57, 1.45, 1.43, 1.45, 1.54, 1.46, 1.49, 1.49, 1.52, 1.48, 1.53, 1.48, 1.46, 1.42, 1.51, 1.49, 

21:42:28 --> 1.49, 1.44, 1.43, 1.44, 1.55, 1.48, 1.46, 1.44, 1.51, 1.50, 1.45, 1.35, 1.61, 1.45, 1.52, 1.47, 1.44, 1.45, 1.43, 1.37, 1.45, 1.44, 1.44, 1.48, 1.40, 1.54, 1.51, 1.51, 1.44, 1.43, 1.50, 1.36, 1.37, 1.40, 1.55, 1.44, 1.45, 1.52, 1.42, 1.45, 1.47, 1.44, 1.35, 1.36, 1.44, 1.46, 1.45, 1.42, 1.30, 1.47, 1.43, 1.47, 1.40, 1.53, 1.45, 1.47, 1.40, 1.44, 1.42, 

21:43:29 --> 1.49, 1.49, 1.51, 1.42, 1.49, 1.42, 1.44, 1.53, 1.44, 1.36, 1.46, 1.49, 1.48, 1.61, 1.37, 1.51, 1.46, 1.45, 1.44, 1.43, 1.47, 1.46, 1.37, 1.41, 1.42, 1.48, 1.42, 1.43, 1.47, 1.45, 1.40, 1.43, 1.46, 1.45, 1.44, 1.36, 1.42, 1.42, 1.44, 1.48, 1.46, 1.47, 1.41, 1.45, 1.47, 1.36, 1.46, 1.44, 1.40, 1.44, 1.36, 1.39, 1.49, 1.43, 1.47, 1.37, 1.44, 1.37, 1.39, 

21:44:31 --> 1.36, 1.41, 1.37, 1.40, 1.34, 1.44, 1.47, 1.43, 1.42, 1.47, 1.39, 1.53, 1.36, 1.45, 1.40, 1.09, 1.35, 1.34, 1.34, 1.42, 1.39, 1.51, 1.37, 1.37, 1.40, 1.39, 1.37, 1.36, 1.40, 1.47, 1.36, 1.52, 1.33, 1.48, 1.36, 1.01, 1.47, 1.52, 1.43, 1.49, 1.37, 1.37, 1.28, 1.40, 1.39, 1.50, 1.36, 1.36, 1.47, 1.40, 1.39, 1.31, 1.46, 1.49, 1.40, 1.35, 1.43, 1.51, 1.37, 

21:45:32 --> 1.34, 1.40, 1.48, 1.42, 1.40, 1.37, 1.39, 1.32, 1.39, 1.36, 1.33, 1.36, 1.36, 1.41, 1.39, 1.29, 1.37, 1.37, 1.45, 1.39, 1.32, 1.35, 1.43, 1.35, 1.32, 1.36, 1.44, 1.37, 1.55, 1.32, 1.42, 1.40, 1.42, 1.36, 1.39, 1.41, 1.37, 1.40, 1.33, 1.44, 1.31, 1.33, 1.41, 1.42, 1.30, 1.35, 1.45, 1.48, 1.32, 1.42, 1.44, 1.39, 1.36, 1.36, 1.32, 1.34, 1.36, 1.40, 1.31, 

21:46:34 --> 1.35, 1.34, 1.30, 1.34, 1.39, 1.33, 1.27, 1.35, 1.29, 1.31, 1.35, 1.44, 1.33, 1.30, 1.30, 1.36, 1.39, 1.37, 1.29, 1.44, 1.31, 1.33, 1.31, 1.27, 1.35, 1.41, 1.33, 1.40, 1.35, 1.39, 1.41, 1.39, 1.29, 1.47, 1.33, 1.45, 1.39, 1.45, 1.31, 1.34, 1.41, 1.34, 1.34, 1.41, 1.33, 1.36, 1.32, 1.31, 1.33, 1.51, 1.34, 1.34, 1.31, 1.33, 1.36, 1.27, 1.37, 1.30, 1.32, 

21:47:35 --> 1.34, 1.34, 1.36, 1.34, 1.30, 1.33, 1.24, 1.30, 1.28, 1.42, 1.41, 1.35, 1.28, 1.33, 1.35, 1.32, 1.34, 1.41, 1.29, 1.29, 1.32, 1.44, 1.31, 1.32, 1.41, 1.37, 1.26, 1.39, 1.31, 1.30, 1.34, 1.25, 1.39, 1.33, 1.27, 1.29, 1.37, 1.34, 1.31, 1.39, 1.27, 1.29, 1.30, 1.30, 1.32, 1.37, 1.31, 1.36, 1.28, 1.37, 1.34, 1.30, 1.44, 1.28, 1.30, 1.31, 1.34, 1.36, 1.43, 

21:48:37 --> 1.27, 1.27, 1.31, 1.23, 1.33, 1.31, 1.34, 1.36, 1.37, 1.29, 1.27, 1.29, 1.33, 1.41, 1.27, 1.31, 1.27, 1.26, 1.22, 1.29, 1.25, 1.33, 1.25, 1.35, 1.36, 1.30, 1.30, 1.34, 1.27, 1.35, 1.29, 1.26, 1.30, 1.21, 1.33, 1.19, 1.24, 1.27, 1.31, 1.31, 1.22, 1.36, 1.34, 1.35, 1.29, 1.19, 1.20, 1.26, 1.41, 1.20, 1.30, 1.40, 1.31, 1.31, 1.31, 1.22, 1.18, 1.33, 1.34, 

21:49:38 --> 1.23, 1.25, 1.36, 1.35, 1.25, 1.27, 1.39, 1.33, 1.29, 1.33, 1.34, 1.32, 1.26, 1.26, 1.33, 1.23, 1.30, 1.26, 1.40, 1.25, 1.33, 1.28, 1.35, 1.23, 1.33, 1.22, 1.23, 1.33, 1.29, 1.29, 1.24, 1.27, 1.27, 1.28, 1.33, 1.20, 1.43, 1.24, 1.17, 1.20, 1.19, 1.20, 1.30, 1.26, 1.29, 1.14, 1.35, 1.17, 1.31, 1.28, 1.26, 1.20, 1.27, 1.26, 1.29, 1.27, 1.30, 1.28, 1.27, 

21:50:40 --> 1.30, 1.28, 1.33, 1.23, 1.28, 1.30, 1.23, 1.21, 1.34, 1.36, 1.26, 1.22, 1.33, 1.26, 1.28, 1.17, 1.28, 1.30, 1.24, 1.18, 1.25, 1.26, 1.29, 1.20, 1.21, 1.24, 1.23, 1.35, 1.24, 1.29, 1.27, 1.23, 1.24, 1.32, 1.28, 1.16, 1.28, 1.24, 1.16, 1.33, 1.25, 1.32, 1.25, 1.26, 1.27, 1.22, 1.24, 1.32, 1.32, 1.27, 1.31, 1.25, 1.23, 1.17, 1.27, 1.29, 1.30, 1.26, 1.25, 

21:51:41 --> 1.28, 1.26, 1.12, 1.20, 1.19, 1.24, 1.27, 1.29, 1.16, 1.27, 1.30, 1.25, 1.16, 1.28, 1.27, 1.28, 1.22, 1.29, 1.24, 1.29, 1.23, 1.36, 1.20, 1.24, 1.21, 1.22, 1.29, 1.24, 1.27, 1.28, 1.24, 1.23, 1.22, 1.23, 1.21, 1.29, 1.22, 1.20, 1.24, 1.15, 1.22, 1.16, 1.20, 1.20, 1.19, 1.22, 1.18, 1.16, 1.20, 1.24, 1.29, 1.31, 1.24, 1.26, 1.24, 1.22, 1.20, 1.11, 1.20, 

21:52:43 --> 1.24, 1.31, 1.17, 1.27, 1.21, 1.16, 1.22, 1.26, 1.19, 1.18, 1.27, 1.31, 1.22, 1.30, 1.21, 1.16, 1.22, 1.19, 1.20, 1.16, 1.24, 1.20, 1.21, 1.26, 1.25, 1.27, 1.16, 1.25, 1.22, 1.22, 1.21, 1.19, 1.19, 1.16, 1.22, 1.19, 1.27, 1.23, 1.15, 1.21, 1.24, 1.19, 1.18, 1.21, 1.15, 1.22, 1.22, 1.17, 1.21, 1.26, 1.21, 1.15, 1.28, 1.29, 1.19, 1.18, 1.15, 1.25, 1.24, 

21:53:44 --> 1.24, 1.18, 1.20, 1.16, 1.10, 1.20, 1.24, 1.25, 1.25, 1.22, 1.18, 1.18, 1.26, 1.28, 1.24, 1.20, 1.20, 1.22, 1.17, 1.23, 1.14, 1.22, 1.21, 1.21, 1.15, 1.19, 1.21, 1.28, 1.28, 1.11, 1.21, 1.23, 1.14, 1.16, 1.27, 1.23, 1.17, 1.29, 1.21, 1.14, 1.12, 1.21, 1.22, 1.15, 1.19, 1.20, 1.39, 1.09, 1.20, 1.11, 1.20, 1.25, 1.11, 1.14, 1.21, 1.11, 0.60, 1.10, 0.74, 

21:54:45 --> 1.22, 1.08, 1.19, 1.27, 1.16, 1.17, 1.15, 1.19, 1.21, 1.19, 1.23, 1.17, 1.24, 1.15, 1.23, 1.22, 0.64, 1.11, 0.90, 1.14, 1.16, 1.24, 1.20, 1.17, 1.20, 1.15, 1.22, 1.17, 1.16, 1.19, 1.09, 1.17, 1.18, 1.21, 1.14, 1.25, 1.06, 1.25, 1.15, 1.21, 1.07, 1.15, 1.23, 1.17, 1.09, 1.35, 1.05, 1.15, 1.05, 1.12, 1.15, 1.06, 1.10, 1.10, 1.15, 1.08, 1.07, 1.10, 1.15, 

21:55:47 --> 1.14, 1.06, 1.20, 1.06, 1.10, 1.03, 1.08, 1.20, 1.14, 1.16, 1.06, 1.07, 0.99, 1.15, 1.06, 1.12, 1.01, 1.10, 1.07, 1.21, 1.08, 1.04, 1.08, 1.12, 0.96, 1.11, 1.18, 1.09, 1.18, 1.15, 1.11, 1.22, 1.12, 1.17, 1.15, 1.14, 1.21, 1.16, 1.12, 1.19, 1.15, 1.17, 1.06, 1.06, 1.20, 1.11, 1.22, 1.09, 1.20, 1.10, 1.20, 1.14, 1.11, 1.19, 1.19, 1.19, 1.06, 1.19, 1.08, 

21:56:48 --> 1.11, 1.18, 1.26, 1.12, 1.16, 1.09, 1.09, 1.19, 1.08, 1.30, 1.19, 1.21, 1.10, 1.20, 1.19, 1.24, 1.09, 1.16, 1.14, 1.10, 1.14, 1.03, 1.16, 1.15, 1.14, 1.11, 1.16, 1.15, 1.15, 1.08, 1.10, 1.05, 1.15, 1.15, 1.20, 1.10, 1.17, 1.19, 1.08, 1.17, 1.17, 1.21, 1.14, 1.07, 1.01, 1.11, 1.02, 1.08, 1.06, 0.98, 1.10, 1.05, 1.11, 1.10, 1.01, 1.16, 1.16, 1.17, 1.09, 

21:57:50 --> 1.18, 1.18, 1.05, 1.12, 1.15, 1.08, 1.21, 1.16, 1.15, 1.03, 1.14, 1.17, 1.19, 1.09, 1.12, 1.14, 1.06, 1.05, 1.07, 1.15, 1.06, 1.16, 1.07, 1.05, 1.12, 1.12, 1.15, 1.11, 1.11, 1.18, 1.09, 1.07, 1.21, 1.14, 1.09, 1.05, 1.08, 1.08, 1.11, 1.09, 1.07, 1.11, 1.10, 1.07, 1.09, 1.09, 1.10, 1.18, 1.08, 1.08, 1.07, 1.09, 1.06, 1.14, 1.10, 1.14, 1.15, 1.19, 1.04, 

21:58:51 --> 1.15, 1.14, 1.09, 1.11, 1.10, 1.18, 1.06, 1.14, 1.09, 1.09, 1.03, 0.98, 1.14, 1.15, 1.10, 1.10, 1.10, 1.12, 1.11, 1.09, 1.14, 1.11, 1.04, 0.99, 1.20, 1.09, 1.09, 1.06, 1.14, 1.08, 1.03, 1.09, 1.20, 1.08, 1.12, 1.08, 1.09, 1.15, 1.05, 1.15, 1.14, 1.07, 0.99, 1.10, 1.18, 1.08, 1.19, 1.14, 1.16, 1.05, 1.12, 1.06, 1.08, 1.03, 1.08, 1.11, 1.05, 1.04, 1.15, 

21:59:53 --> 1.07, 1.09, 1.16, 1.11, 1.10, 1.04, 1.09, 1.11, 1.15, 1.09, 0.92, 1.01, 1.10, 1.00, 1.16, 1.03, 1.06, 1.05, 1.02, 1.18, 1.04, 1.08, 1.07, 1.14, 1.10, 1.05, 1.05, 1.14, 1.07, 1.14, 1.18, 0.99, 1.07, 1.02, 1.15, 1.03, 1.12, 0.98, 1.09, 1.11, 0.99, 1.03, 1.07, 1.06, 1.06, 1.05, 1.11, 1.09, 1.03, 1.09, 1.15, 1.03, 1.09, 1.05, 1.02, 1.02, 1.07, 1.04, 1.12, 

22:00:54 --> 1.09, 1.12, 1.09, 1.01, 1.12, 1.10, 0.98, 1.06, 1.11, 1.02, 1.10, 1.09, 1.17, 1.07, 1.06, 1.07, 1.16, 1.07, 1.07, 1.11, 1.03, 1.07, 1.06, 1.04, 1.00, 1.03, 1.01, 1.02, 1.06, 1.10, 1.05, 1.01, 1.03, 1.07, 1.09, 1.00, 1.09, 0.99, 1.02, 1.12, 1.09, 0.95, 1.06, 1.06, 1.04, 1.02, 0.99, 1.03, 1.07, 1.03, 1.08, 1.03, 1.05, 1.09, 1.07, 1.09, 1.03, 1.04, 1.04, 

22:01:56 --> 1.03, 1.07, 1.12, 1.02, 1.04, 1.10, 1.05, 1.09, 1.04, 1.11, 1.00, 1.07, 1.12, 1.06, 1.04, 1.06, 1.06, 1.15, 0.99, 1.11, 1.12, 1.08, 1.01, 1.04, 1.03, 0.99, 1.03, 1.14, 1.03, 1.06, 1.05, 1.07, 0.95, 1.06, 1.09, 1.01, 1.01, 1.07, 1.04, 1.07, 0.99, 1.00, 1.00, 1.01, 0.96, 0.95, 1.02, 1.04, 1.07, 1.09, 1.06, 1.06, 0.99, 0.99, 1.06, 1.03, 1.08, 1.09, 1.04, 

22:02:57 --> 1.02, 0.98, 0.98, 0.92, 1.06, 1.04, 1.06, 1.05, 0.98, 1.03, 0.98, 0.95, 1.01, 0.98, 1.09, 1.02, 1.09, 1.04, 1.04, 1.05, 0.95, 0.95, 1.03, 1.05, 1.03, 0.98, 1.01, 1.01, 0.99, 0.97, 1.03, 1.06, 1.10, 1.08, 1.07, 0.99, 1.06, 1.04, 1.07, 1.03, 1.04, 1.05, 0.96, 1.01, 1.06, 1.06, 1.02, 1.09, 1.03, 0.93, 1.02, 0.91, 1.05, 0.89, 0.89, 0.93, 0.86, 0.98, 1.08, 

22:03:59 --> 1.06, 1.01, 0.97, 0.98, 1.03, 0.98, 1.01, 1.02, 0.99, 1.01, 1.07, 0.96, 1.03, 1.01, 1.03, 1.06, 0.93, 1.11, 1.00, 1.08, 1.02, 1.00, 1.06, 1.04, 1.04, 1.01, 1.01, 0.99, 1.03, 1.02, 0.94, 1.04, 0.99, 0.94, 1.00, 0.97, 1.03, 1.00, 0.95, 0.98, 1.05, 0.93, 0.99, 1.07, 1.03, 1.03, 0.94, 0.98, 0.99, 1.02, 0.98, 0.96, 0.99, 1.06, 1.03, 1.05, 1.05, 0.98, 1.02, 

22:05:00 --> 1.08, 1.02, 1.00, 1.02, 1.05, 1.06, 0.90, 1.20, 0.85, 1.02, 0.99, 1.08, 1.03, 1.05, 0.97, 0.95, 0.95, 1.02, 0.95, 0.99, 1.00, 0.89, 0.97, 0.92, 0.97, 0.99, 0.98, 1.00, 0.99, 1.01, 1.05, 1.01, 0.96, 1.01, 1.04, 0.95, 0.99, 1.06, 0.99, 1.03, 1.00, 1.11, 0.97, 1.02, 1.00, 0.50, 0.93, 0.66, 0.93, 1.06, 0.99, 0.96, 0.98, 1.02, 0.93, 1.06, 0.97, 1.08, 0.97, 

22:06:02 --> 1.04, 1.08, 0.88, 1.00, 0.93, 0.51, 0.94, 0.97, 0.99, 1.04, 0.93, 1.02, 0.99, 0.92, 0.99, 0.98, 0.96, 1.03, 0.99, 0.93, 0.97, 1.00, 0.99, 0.99, 0.95, 0.94, 0.99, 0.93, 0.89, 0.99, 0.98, 0.97, 0.99, 0.95, 0.90, 0.90, 0.91, 1.02, 1.01, 0.95, 1.02, 0.97, 0.95, 1.03, 0.97, 0.97, 0.94, 0.95, 1.00, 0.93, 1.06, 1.03, 0.91, 0.97, 1.00, 1.00, 0.97, 0.96, 0.98, 

22:07:03 --> 1.01, 0.97, 0.98, 0.94, 0.97, 1.02, 0.98, 0.96, 0.94, 1.00, 0.97, 1.20, 1.01, 1.00, 1.03, 0.54, 0.93, 0.94, 1.00, 0.93, 1.06, 0.95, 0.96, 0.90, 1.03, 0.94, 1.02, 0.99, 0.95, 1.06, 1.04, 0.95, 0.96, 0.62, 1.03, 1.05, 0.94, 0.96, 0.95, 0.93, 1.00, 0.95, 1.03, 0.95, 1.00, 0.98, 0.92, 0.95, 0.85, 1.01, 1.04, 0.94, 1.00, 0.96, 0.98, 0.91, 1.01, 0.97, 0.96, 

22:08:05 --> 1.05, 0.97, 0.98, 1.01, 1.01, 0.96, 1.01, 0.94, 0.90, 0.97, 0.93, 0.95, 0.95, 0.97, 0.98, 0.92, 0.94, 1.05, 1.04, 0.96, 0.97, 0.93, 0.95, 0.99, 0.95, 1.00, 0.89, 0.93, 0.93, 0.97, 0.99, 0.97, 0.91, 0.84, 1.01, 0.96, 0.94, 0.97, 0.95, 1.03, 0.98, 0.95, 0.99, 0.86, 0.94, 0.91, 0.93, 0.94, 0.96, 0.96, 0.97, 0.98, 0.91, 0.97, 0.91, 0.98, 0.96, 0.90, 0.92, 

22:09:06 --> 0.91, 0.94, 0.99, 1.00, 0.95, 0.93, 0.96, 0.86, 1.00, 0.94, 1.02, 0.94, 0.98, 0.92, 0.98, 0.91, 1.00, 1.00, 0.96, 0.95, 1.02, 0.98, 0.90, 0.90, 0.90, 0.90, 0.90, 0.94, 1.05, 0.98, 0.88, 0.93, 0.91, 0.98, 0.91, 0.86, 1.01, 0.93, 0.98, 0.85, 0.91, 1.11, 0.95, 0.94, 0.94, 0.99, 1.04, 0.97, 0.99, 0.97, 0.95, 0.88, 0.97, 0.96, 0.97, 0.94, 0.94, 0.91, 0.96, 

22:10:08 --> 0.91, 0.96, 0.99, 0.95, 1.08, 0.99, 0.91, 0.93, 0.89, 0.89, 0.97, 0.90, 0.97, 0.94, 1.02, 0.95, 1.02, 0.89, 1.03, 0.92, 0.93, 0.97, 1.06, 1.02, 0.98, 0.89, 1.03, 0.98, 0.88, 0.91, 0.89, 0.91, 0.94, 1.00, 0.98, 0.95, 0.88, 0.92, 0.86, 0.90, 0.91, 0.90, 0.91, 0.91, 0.84, 0.98, 0.92, 0.92, 0.88, 0.91, 1.03, 0.98, 0.89, 0.90, 0.83, 0.93, 0.92, 0.92, 0.84, 

22:11:09 --> 0.93, 0.95, 0.98, 0.94, 0.91, 0.94, 0.84, 0.84, 0.89, 0.95, 0.94, 0.89, 0.79, 0.89, 0.88, 0.84, 0.98, 0.94, 1.01, 0.88, 0.94, 0.96, 1.00, 0.90, 0.91, 1.00, 0.90, 0.91, 0.96, 0.95, 0.91, 0.88, 0.88, 0.81, 0.98, 0.93, 0.99, 0.93, 0.92, 0.94, 0.90, 1.01, 0.93, 0.88, 0.82, 0.88, 0.93, 0.91, 0.92, 0.92, 0.93, 0.94, 0.97, 0.90, 0.95, 0.93, 0.88, 0.92, 0.78, 

22:12:11 --> 0.86, 0.96, 0.89, 0.99, 0.85, 0.90, 0.84, 0.85, 0.95, 0.89, 0.92, 0.89, 0.99, 0.93, 0.91, 0.92, 0.97, 0.99, 0.91, 0.94, 0.89, 0.91, 0.91, 0.90, 0.94, 0.83, 0.88, 0.95, 1.00, 0.89, 0.90, 0.89, 0.81, 0.94, 0.86, 0.94, 0.93, 0.99, 0.94, 0.95, 0.90, 0.92, 0.95, 0.91, 0.94, 0.85, 0.85, 0.92, 0.92, 0.91, 0.94, 0.92, 0.83, 0.79, 0.85, 0.90, 0.94, 0.91, 0.86, 

22:13:12 --> 0.97, 0.94, 0.93, 0.84, 0.84, 0.89, 0.89, 0.94, 0.89, 0.96, 0.83, 0.93, 0.86, 0.91, 0.96, 0.83, 0.82, 0.82, 0.89, 0.91, 0.94, 0.94, 0.88, 0.82, 0.88, 0.94, 0.94, 0.91, 0.90, 0.92, 0.91, 0.94, 0.93, 0.81, 0.91, 0.91, 0.83, 0.88, 0.85, 0.78, 0.83, 0.80, 0.77, 0.91, 0.89, 0.86, 0.86, 0.94, 0.88, 0.86, 0.88, 0.84, 0.86, 0.90, 0.85, 0.78, 0.94, 0.90, 0.83, 

22:14:14 --> 0.83, 0.91, 0.91, 0.91, 0.86, 0.85, 0.90, 0.92, 0.93, 0.85, 0.95, 0.86, 0.82, 0.97, 0.90, 0.90, 0.84, 0.89, 0.90, 0.86, 0.79, 0.91, 0.92, 0.82, 0.90, 0.88, 0.83, 0.94, 0.89, 0.86, 0.90, 0.86, 0.84, 0.91, 0.82, 0.84, 0.80, 0.86, 0.90, 0.86, 0.83, 0.85, 0.85, 0.86, 0.84, 0.88, 0.95, 0.93, 0.88, 0.78, 0.75, 0.83, 0.77, 0.84, 0.76, 0.86, 0.77, 0.83, 0.81, 

22:15:16 --> 0.91, 0.91, 0.88, 0.88, 0.84, 0.95, 0.94, 0.93, 0.89, 0.83, 0.88, 0.85, 0.95, 0.91, 0.83, 0.92, 0.88, 0.88, 0.94, 0.90, 0.89, 0.91, 0.88, 0.88, 0.91, 0.89, 0.81, 0.88, 0.88, 0.79, 0.84, 0.90, 0.86, 0.93, 0.91, 0.88, 0.80, 0.91, 0.91, 0.92, 0.82, 0.90, 0.92, 0.83, 0.86, 0.89, 0.89, 0.80, 0.81, 0.81, 0.90, 0.86, 0.83, 0.88, 0.94, 0.86, 0.88, 0.92, 0.81, 

22:16:17 --> 0.88, 0.83, 0.84, 0.81, 0.85, 0.91, 0.95, 0.92, 0.89, 1.02, 0.95, 0.84, 0.84, 0.82, 0.85, 0.72, 0.81, 0.83, 0.84, 0.89, 0.90, 0.84, 0.83, 0.89, 0.80, 0.77, 0.85, 0.83, 0.86, 0.78, 0.88, 0.80, 0.77, 0.83, 0.89, 0.84, 0.97, 0.88, 0.93, 0.88, 0.95, 0.86, 0.88, 0.86, 0.91, 0.82, 0.78, 0.88, 0.83, 0.82, 0.80, 0.93, 0.89, 0.76, 0.86, 0.78, 0.88, 0.82, 0.83, 

22:17:19 --> 0.82, 0.84, 0.81, 0.88, 0.85, 0.90, 0.84, 0.82, 0.75, 0.73, 0.80, 0.81, 0.73, 0.77, 0.76, 0.88, 0.89, 0.91, 0.96, 0.81, 0.89, 0.84, 0.84, 0.69, 0.79, 0.83, 0.81, 0.78, 0.82, 0.76, 0.86, 0.80, 0.85, 0.82, 0.81, 0.71, 0.77, 0.76, 0.90, 0.74, 0.69, 0.79, 0.80, 0.88, 0.79, 0.86, 0.84, 0.90, 0.82, 0.85, 0.83, 0.82, 0.84, 0.81, 0.77, 0.82, 0.81, 0.88, 0.83, 

22:18:20 --> 0.80, 0.81, 0.86, 0.78, 0.84, 0.84, 0.90, 0.80, 0.78, 0.84, 0.82, 0.91, 0.82, 0.79, 0.84, 0.82, 0.74, 0.76, 0.82, 0.81, 0.80, 0.84, 0.75, 0.81, 0.82, 0.89, 0.84, 0.91, 0.81, 0.91, 0.80, 0.92, 0.75, 0.82, 0.78, 0.79, 0.75, 0.82, 0.80, 0.86, 0.71, 0.77, 0.79, 0.79, 0.74, 0.75, 0.77, 0.76, 0.71, 0.69, 0.76, 0.82, 0.83, 0.84, 0.85, 0.83, 0.78, 0.72, 0.78, 

22:19:22 --> 0.81, 0.81, 0.91, 0.86, 0.83, 0.84, 0.91, 0.79, 0.79, 0.80, 0.88, 0.75, 0.91, 0.82, 0.79, 0.84, 0.76, 0.85, 0.82, 0.90, 0.81, 0.80, 0.84, 0.76, 0.81, 0.76, 0.70, 0.79, 