
17:34:28 --> -0.28, -0.29, -0.29, -0.28, -0.29, -0.29, -0.29, -0.28, -0.27, -0.30, -0.27, -0.30, -0.27, -0.27, -0.28, -0.27, -0.29, -0.29, -0.33, -0.28, -0.29, -0.29, -0.28, -0.30, -0.29, -0.30, -0.28, -0.26, -0.31, -0.28, -0.27, -0.30, -0.30, -0.26, -0.30, -0.29, -0.29, -0.32, -0.30, -0.34, -0.30, -0.31, -0.29, -0.27, -0.28, -0.30, -0.31, -0.28, -0.29, -0.30, 0.55, 0.92, 0.91, 4.43, 4.44, 4.05, 3.08, 2.12, 1.07, 

17:35:29 --> 4.45, 4.45, 4.44, 4.41, 4.43, 4.43, 4.44, 4.46, 4.45, 4.43, 4.40, 4.45, 4.42, 4.45, 4.43, 4.44, 4.44, 4.44, 4.39, 4.44, 4.40, 4.44, 4.47, 4.45, 4.47, 4.47, 4.45, 4.42, 4.44, 4.41, 4.40, 4.35, 4.44, 4.44, 4.42, 4.41, 4.43, 4.44, 4.43, 4.44, 4.40, 4.39, 4.43, 4.47, 4.47, 4.42, 4.45, 4.43, 4.41, 4.46, 4.45, 4.46, 4.43, 4.48, 4.41, 4.44, 4.44, 4.44, 4.43, 

17:36:31 --> 4.42, 4.45, 4.42, 4.44, 4.44, 4.45, 4.45, 4.45, 4.43, 4.44, 4.45, 4.39, 4.44, 4.45, 4.41, 4.44, 4.39, 4.44, 4.45, 4.40, 4.45, 4.39, 4.44, 4.45, 4.44, 4.43, 4.43, 4.46, 4.44, 4.41, 4.44, 4.45, 4.45, 4.41, 4.46, 4.45, 4.45, 4.45, 4.44, 4.44, 4.42, 4.45, 4.42, 4.46, 4.37, 4.43, 4.44, 4.40, 4.47, 4.43, 4.45, 4.47, 4.42, 4.45, 4.47, 4.46, 4.45, 4.41, 4.42, 

17:37:33 --> 4.47, 4.45, 4.44, 4.44, 4.45, 4.46, 4.45, 4.45, 4.43, 4.45, 4.46, 4.42, 4.40, 4.39, 4.46, 4.47, 4.45, 4.41, 4.44, 4.44, 4.44, 4.47, 4.46, 4.43, 4.37, 4.47, 4.42, 4.43, 4.45, 4.43, 4.46, 4.41, 4.43, 4.44, 4.46, 4.42, 4.44, 4.46, 4.44, 4.44, 4.46, 4.44, 4.44, 4.46, 4.45, 4.48, 4.45, 4.44, 4.46, 4.45, 4.44, 4.44, 4.43, 4.45, 4.46, 4.44, 4.39, 4.45, 4.44, 

17:38:34 --> 4.42, 4.44, 4.44, 4.45, 4.44, 4.43, 4.43, 4.42, 4.42, 4.44, 4.40, 4.44, 4.44, 4.42, 4.46, 4.45, 4.44, 4.43, 4.45, 4.41, 4.45, 4.42, 4.43, 4.43, 4.44, 4.45, 4.41, 4.45, 4.42, 4.46, 4.47, 4.43, 4.44, 4.44, 4.43, 4.44, 4.45, 4.45, 4.46, 4.43, 4.41, 4.43, 4.43, 4.43, 4.45, 4.45, 4.41, 4.44, 4.45, 4.43, 4.45, 4.46, 4.45, 4.39, 4.44, 4.43, 4.43, 4.45, 4.45, 

17:39:36 --> 4.44, 4.44, 4.44, 4.47, 4.39, 4.45, 4.43, 4.43, 4.44, 4.42, 4.46, 4.37, 4.40, 4.43, 4.44, 4.45, 4.44, 4.45, 4.45, 4.46, 4.43, 4.43, 4.41, 4.42, 4.43, 4.44, 4.45, 4.44, 4.42, 4.47, 4.44, 4.43, 4.42, 4.43, 4.45, 4.44, 4.39, 4.46, 4.43, 4.45, 4.37, 4.43, 4.45, 4.45, 4.44, 4.43, 4.43, 4.43, 4.43, 4.44, 4.44, 4.44, 4.43, 4.44, 4.42, 4.45, 4.44, 4.43, 4.46, 

17:40:38 --> 4.44, 4.46, 4.42, 4.41, 4.40, 4.39, 4.42, 4.47, 4.44, 4.43, 4.45, 4.41, 4.43, 4.43, 4.42, 4.42, 4.43, 4.41, 4.42, 4.42, 4.39, 4.48, 4.43, 4.44, 4.44, 4.45, 4.36, 4.40, 4.44, 4.45, 4.45, 4.41, 4.43, 4.44, 4.42, 4.44, 4.47, 4.35, 4.48, 4.45, 4.42, 4.33, 4.45, 4.39, 4.42, 4.45, 4.39, 4.42, 4.41, 4.41, 4.43, 4.44, 4.37, 4.44, 4.45, 4.42, 4.34, 4.39, 4.39, 

17:41:40 --> 4.32, 4.25, 4.32, 4.23, 4.26, 4.06, 4.26, 4.16, 4.26, 4.15, 4.17, 4.20, 4.18, 4.14, 4.18, 4.14, 4.12, 4.07, 4.14, 4.07, 4.14, 4.08, 4.08, 3.97, 4.09, 4.07, 4.07, 4.09, 4.00, 4.02, 4.01, 3.96, 3.86, 4.02, 4.00, 4.00, 3.79, 3.98, 3.81, 3.91, 3.87, 3.93, 3.94, 3.79, 3.76, 3.89, 3.91, 3.96, 3.76, 3.76, 3.70, 3.82, 3.89, 3.78, 3.67, 3.91, 3.75, 3.73, 3.70, 

17:42:41 --> 3.76, 3.75, 3.70, 3.84, 3.70, 3.75, 3.71, 3.65, 3.69, 3.68, 3.65, 3.68, 3.65, 3.71, 3.67, 3.70, 3.68, 3.66, 3.60, 3.60, 3.65, 3.56, 3.66, 3.64, 3.61, 3.50, 3.60, 3.54, 3.59, 3.51, 3.59, 3.59, 3.58, 3.54, 3.57, 3.50, 3.56, 3.53, 3.58, 3.50, 3.52, 3.47, 3.48, 3.40, 3.51, 3.49, 3.42, 3.48, 3.45, 3.37, 3.45, 3.43, 3.49, 3.47, 3.43, 3.44, 3.44, 3.45, 3.35, 

17:43:43 --> 3.33, 3.39, 3.39, 3.39, 3.40, 3.39, 3.36, 3.40, 3.36, 3.39, 3.34, 3.36, 3.40, 3.33, 3.34, 3.37, 3.27, 3.37, 3.30, 3.29, 3.26, 3.30, 3.20, 3.30, 3.32, 3.34, 3.23, 3.26, 3.25, 3.33, 3.24, 3.26, 3.20, 3.12, 3.27, 3.18, 3.32, 3.20, 3.23, 3.24, 3.28, 3.17, 3.23, 3.19, 3.22, 3.22, 3.15, 3.21, 3.19, 3.21, 3.20, 3.29, 3.24, 3.10, 3.01, 3.14, 3.22, 3.08, 3.08, 

17:44:45 --> 3.11, 3.06, 3.02, 3.25, 3.30, 3.09, 3.32, 3.27, 3.05, 3.19, 3.32, 3.03, 3.09, 3.06, 3.12, 3.00, 3.11, 2.99, 3.02, 3.07, 3.08, 3.07, 3.07, 3.09, 3.00, 2.93, 3.05, 3.00, 2.93, 3.02, 3.17, 3.05, 3.05, 2.96, 3.03, 3.16, 3.05, 3.02, 3.05, 2.96, 2.99, 3.03, 3.05, 3.00, 3.02, 2.97, 3.05, 2.98, 3.02, 3.02, 2.97, 3.00, 2.96, 2.99, 2.93, 2.96, 2.97, 2.99, 2.97, 

17:45:47 --> 2.98, 2.96, 2.97, 2.97, 2.97, 2.96, 2.91, 2.97, 2.94, 2.87, 2.93, 2.92, 2.92, 2.91, 2.91, 2.92, 2.81, 2.84, 2.82, 2.92, 2.89, 2.86, 2.92, 2.91, 2.82, 2.87, 2.90, 2.86, 2.78, 2.90, 2.84, 2.91, 2.83, 2.81, 2.82, 2.75, 2.78, 2.76, 2.83, 2.82, 2.82, 2.81, 2.81, 2.80, 2.87, 2.80, 2.83, 2.82, 2.87, 2.82, 2.84, 2.80, 2.84, 2.78, 2.78, 2.75, 2.82, 2.81, 2.82, 

17:46:48 --> 2.76, 2.82, 2.79, 2.77, 2.81, 2.81, 2.70, 2.80, 2.76, 2.70, 2.78, 2.71, 2.79, 2.76, 2.79, 2.75, 2.74, 2.74, 2.81, 2.73, 2.73, 2.74, 2.69, 2.76, 2.68, 2.67, 2.77, 2.70, 2.70, 2.74, 2.66, 2.70, 2.72, 2.65, 2.75, 2.67, 2.73, 2.64, 2.64, 2.59, 2.72, 2.59, 2.72, 2.62, 2.67, 2.60, 2.64, 2.62, 2.62, 2.66, 2.66, 2.61, 2.68, 2.62, 2.59, 2.60, 2.66, 2.66, 2.71, 

17:47:50 --> 2.62, 2.68, 2.57, 2.62, 2.66, 2.60, 2.57, 2.70, 2.60, 2.64, 2.61, 2.66, 2.49, 2.49, 2.56, 2.52, 2.62, 2.58, 2.67, 2.64, 2.47, 2.57, 2.57, 2.51, 2.65, 2.53, 2.44, 2.54, 2.61, 2.50, 2.51, 2.51, 2.44, 2.50, 2.54, 2.52, 2.54, 2.64, 2.51, 2.58, 2.54, 2.49, 2.51, 2.45, 2.48, 2.49, 2.45, 2.52, 2.53, 2.55, 2.51, 2.51, 2.50, 2.52, 2.51, 2.52, 2.51, 2.50, 2.50, 

17:48:52 --> 2.52, 2.50, 2.50, 2.50, 2.52, 2.44, 2.48, 2.49, 2.44, 2.45, 2.49, 2.47, 2.45, 2.40, 2.48, 2.34, 2.49, 2.40, 2.48, 2.37, 2.43, 2.46, 2.39, 2.49, 2.45, 2.45, 2.47, 2.45, -2.70, -3.30, -6.90, -8.32, -8.36, -8.44, -8.35, -8.30, -8.26, -1.55, -0.56, 2.54, 2.94, 2.94, 2.95, 2.90, 2.90, 2.89, 2.89, 2.92, 2.90, 2.92, 2.92, 2.95, 2.97, 2.95, 2.97, 2.98, 2.98, 2.94, 2.98, 

17:49:54 --> 2.99, 2.93, 2.96, 3.01, 3.57, 2.79, 2.58, 2.55, 2.54, 2.55, 2.50, 2.54, 2.60, 2.47, 2.50, 2.44, 2.48, 2.48, 2.34, 2.41, 2.49, 2.43, 2.34, 2.34, 2.51, 2.34, 2.54, 2.36, 2.44, 2.35, 2.25, 2.25, 2.39, 2.39, 2.40, 2.36, 2.35, 2.32, 2.37, 2.37, 2.33, 2.37, 2.36, 2.40, 2.34, 2.40, 2.36, 2.36, 2.27, 2.37, 2.36, 2.33, 2.37, 2.34, 2.33, 2.22, 2.21, 2.34, 2.31, 

17:50:55 --> 2.34, 2.23, 2.25, 2.26, 2.33, 2.21, 2.32, 2.30, 2.24, 2.29, 2.27, 2.30, 2.23, 2.21, 2.32, 2.23, 2.30, 2.33, 2.40, 2.25, 2.14, 2.15, 2.12, 2.20, 2.05, 2.15, 2.26, 2.24, 2.28, 2.15, 2.21, 2.21, 2.21, 2.34, 2.31, 2.19, 2.25, 2.18, 2.26, 2.19, 2.22, 2.23, 2.24, 2.21, 2.25, 2.20, 2.24, 2.18, 2.16, 2.24, 2.17, 2.18, 2.23, 2.24, 2.23, 2.20, 2.20, 2.20, 2.16, 

17:51:57 --> 2.20, 2.16, 2.20, 2.09, 2.21, 2.18, 2.14, 2.05, 2.05, 2.20, 2.22, 2.18, 2.21, 2.18, 2.18, 2.19, 2.17, 2.19, 2.14, 2.18, 2.19, 2.17, 2.17, 2.15, 2.20, 2.16, 2.15, 2.15, 2.18, 2.15, 2.20, 2.17, 2.15, 2.11, 2.11, 2.15, 2.09, 2.06, 2.16, 2.07, 2.12, 2.15, 2.12, 2.14, 2.16, 2.10, 2.12, 2.01, 2.11, 1.97, 1.99, 2.02, 2.09, 2.08, 2.08, 2.07, 2.10, 2.10, 2.10, 

17:52:59 --> 2.09, 2.05, 2.08, 2.08, 2.08, 2.09, 2.08, 2.10, 2.06, 2.11, 2.06, 2.07, 2.09, 2.07, 2.08, 2.05, 2.07, 2.06, 2.07, 2.06, 2.08, 2.07, 2.06, 2.07, 2.07, 2.06, 2.04, 1.94, 2.05, 1.99, 2.04, 1.97, 2.05, 2.03, 1.90, 1.84, 1.92, 1.90, 2.05, 2.02, 2.05, 1.99, 1.90, 1.94, 2.09, 2.20, 2.03, 2.07, 2.04, 2.18, 2.11, 2.14, 2.06, 2.16, 1.95, 1.97, 1.80, 1.91, 2.12, 

17:54:00 --> 1.99, 1.90, 1.84, 2.20, 2.07, 2.11, 1.97, 2.00, 2.08, 2.08, 2.11, 2.11, 2.09, 1.98, 2.04, 1.97, 1.89, 1.75, 2.10, 1.97, 1.95, 1.84, 2.00, 2.11, 1.93, 1.87, 1.97, 1.96, 1.86, 1.97, 1.91, 1.89, 2.05, 2.10, 1.93, 1.86, 1.87, 1.94, 2.16, 1.99, 2.11, 1.83, 1.96, 1.86, 2.06, 2.10, 1.90, 1.72, 1.77, 1.86, 1.92, 1.87, 2.08, 1.95, 1.89, 1.92, 1.84, 1.92, 1.96, 

17:55:02 --> 1.59, 2.04, 1.91, 1.87, 1.73, 1.92, 1.77, 1.92, 1.80, 1.89, 1.87, 1.90, 1.86, 1.89, 1.87, 2.02, 1.87, 1.89, 1.83, 1.87, 1.87, 1.86, 1.90, 1.77, 2.01, 1.82, 1.83, 1.80, 1.89, 1.77, 1.83, 1.95, 1.85, 1.87, 1.74, 1.84, 1.75, 1.86, 1.84, 1.84, 1.77, 1.84, 1.85, 1.83, 1.82, 1.86, 1.81, 1.82, 1.84, 1.84, 1.81, 1.86, 1.84, 1.85, 1.82, 1.83, 1.84, 1.82, 1.83, 

17:56:04 --> 1.80, 1.82, 1.82, 1.95, 1.81, 1.82, 1.82, 1.81, 1.82, 1.81, 1.81, 1.82, 1.79, 1.80, 1.79, 1.80, 1.78, 1.82, 1.81, 1.81, 1.81, 1.81, 1.75, 1.79, 1.78, 1.81, 1.70, 1.82, 1.70, 1.69, 1.77, 1.73, 1.85, 1.78, 1.76, 1.80, 1.80, 1.79, 1.67, 1.75, 1.69, 1.75, 1.69, 1.74, 1.76, 1.75, 1.64, 1.77, 1.73, 1.70, 1.80, 1.76, 1.78, 1.74, 1.72, 1.75, 1.67, 1.69, 1.73, 

17:57:05 --> 1.62, 1.78, 1.66, 1.68, 1.76, 1.67, 1.73, 1.71, 1.70, 1.84, 1.61, 1.83, 1.60, 1.70, 1.71, 1.61, 1.70, 1.68, 1.70, 1.74, 1.70, 1.76, 1.72, 1.67, 1.76, 1.72, 1.72, 1.69, 1.69, 1.78, 1.72, 1.85, 1.70, 1.75, 1.71, 1.72, 1.71, 1.68, 1.69, 1.69, 1.69, 1.72, 1.70, 1.68, 1.72, 1.69, 1.67, 1.69, 1.68, 1.70, 1.69, 1.70, 1.68, 1.67, 1.69, 1.70, 1.68, 1.58, 1.66, 

17:58:07 --> 1.69, 1.67, 1.68, 1.67, 1.68, 1.68, 1.66, 1.67, 1.68, 1.65, 1.69, 1.70, 1.65, 1.68, 1.66, 1.62, 1.61, 1.64, 1.65, 1.62, 1.65, 1.62, 1.61, 1.66, 1.64, 1.65, 1.68, 1.64, 1.65, 1.64, 1.67, 1.64, 1.70, 1.64, 1.69, 1.66, 1.64, 1.66, 1.68, 1.56, 1.59, 1.65, 1.62, 1.62, 1.66, 1.62, 1.58, 1.64, 1.64, 1.62, 1.60, 1.64, 1.65, 1.60, 1.62, 1.59, 1.66, 1.58, 1.62, 

17:59:09 --> 1.54, 1.57, 1.60, 1.65, 1.55, 1.61, 1.60, 1.68, 1.52, 1.64, 1.60, 1.59, 1.55, 1.57, 1.65, 1.53, 1.56, 1.54, 1.56, 1.56, 1.58, 1.59, 1.55, 1.54, 1.62, 1.56, 1.57, 1.58, 1.56, 1.65, 1.64, 1.56, 1.58, 1.59, 1.54, 1.52, 1.50, 1.58, 1.55, 1.58, 1.56, 1.56, 1.54, 1.59, 1.57, 1.50, 1.60, 1.56, 1.50, 1.50, 1.59, 1.53, 1.57, 1.55, 1.59, 1.49, 1.54, 1.56, 1.56, 

18:00:11 --> 1.56, 1.51, 1.57, 1.57, 1.56, 1.55, 1.51, 1.54, 1.43, 1.54, 1.52, 1.54, 1.40, 1.52, 1.49, 1.51, 1.51, 1.56, 1.42, 1.51, 1.53, 1.53, 1.53, 1.50, 1.48, 1.52, 1.54, 1.50, 1.55, 1.48, 1.55, 1.42, 1.48, 1.53, 1.55, 1.46, 1.48, 1.53, 1.45, 1.55, 1.47, 1.54, 1.50, 1.52, 1.45, 1.48, 1.52, 1.44, 1.45, 1.49, 1.39, 1.50, 1.51, 1.48, 1.49, 1.43, 1.47, 1.43, 1.40, 

18:01:12 --> 1.48, 1.44, 1.52, 1.52, 1.54, 1.51, 1.48, 1.44, 1.51, 1.42, 1.46, 1.40, 1.43, 1.43, 1.41, 1.44, 1.41, 1.47, 1.40, 1.39, 1.42, 1.43, 1.49, 1.35, 1.49, 1.43, 1.47, 1.44, 1.45, 1.46, 1.41, 1.44, 1.48, 1.47, 1.42, 1.47, 1.45, 1.47, 1.45, 1.49, 1.39, 1.42, 1.40, 1.46, 1.46, 1.39, 1.45, 1.44, 1.42, 1.45, 1.46, 1.44, 1.45, 1.37, 1.47, 1.44, 1.45, 1.33, 1.44, 

18:02:14 --> 1.43, 1.40, 1.44, 1.37, 1.43, 1.43, 1.35, 1.36, 1.43, 1.44, 1.46, 1.46, 1.43, 1.41, 1.47, 1.43, 1.43, 1.43, 1.41, 1.42, 1.46, 1.42, 1.35, 1.35, 1.37, 1.41, 1.44, 1.39, 1.39, 1.40, 1.42, 1.34, 1.44, 1.41, 1.43, 1.31, 1.43, 1.36, 1.32, 1.30, 1.43, 1.25, 1.40, 1.36, 1.33, 1.30, 1.39, 1.30, 1.31, 1.30, 1.45, 1.39, 1.35, 1.40, 1.36, 1.37, 1.33, 1.41, 1.36, 

18:03:16 --> 1.29, 1.41, 1.31, 1.39, 1.31, 1.30, 1.30, 1.36, 1.32, 1.40, 1.37, 1.40, 1.39, 1.35, 1.26, 1.41, 1.31, 1.28, 1.39, 1.33, 1.39, 1.34, 1.37, 1.28, 1.33, 1.31, 1.34, 1.40, 1.28, 1.29, 1.31, 1.29, 1.31, 1.36, 1.22, 1.36, 1.12, 1.37, 1.30, 1.31, 1.34, 1.37, 1.35, 1.35, 1.36, 1.35, 1.32, 1.30, 1.33, 1.24, 1.28, 1.29, 1.33, 1.27, 1.31, 1.26, 1.32, 1.26, 1.27, 

18:04:17 --> 1.29, 1.34, 1.29, 1.33, 1.32, 1.27, 1.24, 1.34, 1.33, 1.33, 1.34, 1.30, 1.30, 1.24, 1.25, 1.31, 1.27, 1.32, 1.34, 1.30, 1.33, 1.25, 1.21, 1.28, 1.21, 1.25, 1.33, 1.36, 1.35, 1.30, 1.32, 1.23, 1.32, 1.19, 1.33, 1.27, 1.29, 1.35, 1.26, 1.26, 1.30, 1.25, 1.25, 1.29, 1.27, 1.26, 1.31, 1.34, 1.30, 1.24, 1.30, 1.22, 1.30, 1.26, 1.31, 1.21, 1.21, 1.29, 1.33, 

18:05:19 --> 1.27, 1.31, 1.22, 1.17, 1.20, 1.24, 1.24, 1.31, 1.31, 1.32, 1.22, 1.28, 1.23, 1.15, 1.31, 1.17, 1.30, 1.19, 1.09, 1.29, 1.28, 1.22, 1.28, 1.26, 1.30, 1.29, 1.30, 1.21, 1.29, 1.25, 1.24, 1.24, 1.18, 1.34, 1.21, 1.27, 1.26, 1.11, 1.26, 1.18, 1.17, 1.28, 1.17, 1.26, 1.28, 1.26, 1.15, 1.28, 1.24, 1.11, 1.21, 1.24, 1.08, 1.25, 1.32, 1.11, 1.25, 1.27, 1.20, 

18:06:21 --> 1.29, 1.26, 1.16, 1.26, 1.21, 1.25, 1.26, 1.25, 1.25, 0.97, 1.26, 1.05, 1.24, 1.18, 1.24, 1.22, 1.18, 1.06, 1.21, 1.29, 1.16, 1.24, 1.29, 1.28, 1.20, 1.24, 1.21, 1.03, 1.29, 1.23, 1.23, 1.25, 1.26, 1.22, 1.24, 1.20, 1.28, 1.25, 1.16, 1.24, 1.19, 1.33, 1.07, 1.22, 1.27, 1.31, 1.24, 1.05, 1.17, 1.20, 1.20, 1.21, 1.25, 1.25, 1.15, 1.00, 1.18, 1.14, 1.26, 

18:07:22 --> 1.04, 1.17, 1.29, 1.29, 1.23, 1.30, 1.19, 1.20, 1.18, 1.19, 1.26, 1.20, 1.00, 1.04, 1.20, 1.16, 1.29, 1.20, 1.20, 1.20, 1.19, 1.21, 1.18, 1.16, 1.09, 1.14, 1.11, 1.14, 1.12, 1.04, 1.30, 1.18, 1.25, 1.18, 1.19, 1.02, 1.12, 1.02, 1.16, 1.16, 1.15, 1.19, 1.16, 1.07, 1.18, 1.19, 1.21, 1.10, 1.18, 1.08, 1.14, 1.11, 0.95, 1.11, 1.14, 1.14, 1.11, 1.08, 1.18, 

18:08:24 --> 1.11, 1.17, 1.14, 1.15, 1.03, 1.17, 1.05, 1.15, 1.05, 1.10, 1.08, 1.15, 1.14, 1.17, 1.15, 1.09, 1.17, 1.18, 1.14, 1.16, 1.14, 1.14, 1.14, 1.15, 1.02, 1.23, 1.15, 1.12, 1.11, 1.05, 1.14, 1.12, 1.06, 1.16, 1.16, 1.05, 1.12, 1.24, 1.14, 1.12, 1.12, 1.11, 1.07, 1.12, 1.22, 1.17, 1.11, 1.11, 1.12, 1.09, 1.04, 1.10, 1.14, 1.23, 1.11, 1.05, 1.10, 1.09, 1.02, 

18:09:26 --> 1.11, 1.08, 1.10, 1.06, 1.11, 1.06, 1.08, 0.98, 1.14, 1.10, 1.07, 0.96, 1.09, 1.00, 1.14, 1.10, 1.14, 1.12, 1.14, 0.96, 1.09, 1.11, 1.12, 1.16, 1.07, 1.12, 1.08, 1.11, 1.15, 1.11, 1.11, 1.11, 1.08, 1.12, 1.09, 0.99, 1.10, 1.10, 1.07, 1.06, 1.10, 0.96, 0.99, 1.11, 1.10, 1.12, 1.09, 1.08, 1.14, 1.08, 1.09, 1.12, 1.09, 1.10, 1.09, 1.01, 1.10, 1.04, 1.10, 

18:10:27 --> 1.09, 1.08, 1.12, 1.01, 1.11, 1.14, 1.10, 0.98, 1.10, 1.00, 1.00, 1.09, 1.11, 1.08, 1.09, 1.07, 1.00, 1.02, 1.11, 1.10, 1.15, 1.09, 1.08, 1.08, 1.10, 1.07, 1.10, 1.07, 1.08, 0.95, 0.99, 0.97, 1.07, 1.08, 1.10, 1.09, 1.10, 1.09, 1.11, 0.98, 1.09, 1.10, 0.98, 1.09, 1.07, 1.11, 1.09, 1.05, 1.03, 1.07, 1.08, 1.08, 1.04, 1.01, 1.08, 1.06, 1.08, 1.06, 1.08, 

18:11:29 --> 0.95, 1.06, 0.94, 0.94, 1.06, 0.98, 1.09, 1.07, 0.95, 1.05, 1.05, 1.07, 1.01, 1.09, 1.04, 0.89, 1.00, 1.08, 1.05, 1.07, 1.05, 1.09, 1.05, 1.04, 0.93, 0.95, 0.90, 1.03, 0.89, 1.08, 1.04, 1.04, 1.08, 1.08, 1.02, 1.08, 1.10, 1.06, 1.06, 0.98, 1.06, 1.05, 0.94, 1.07, 1.04, 0.92, 0.98, 1.02, 1.06, 1.06, 0.92, 1.09, 1.03, 1.03, 1.08, 1.06, 1.03, 1.06, 1.04, 

18:12:31 --> 1.05, 0.91, 1.08, 1.05, 1.05, 1.04, 1.06, 0.96, 1.04, 1.04, 0.98, 1.06, 1.06, 1.05, 1.04, 1.03, 1.02, 0.93, 1.03, 1.04, 1.02, 1.00, 1.03, 1.04, 1.04, 0.92, 1.04, 0.95, 1.02, 1.02, 1.07, 1.06, 1.04, 1.00, 1.03, 1.01, 1.06, 1.04, 1.00, 0.96, 0.98, 0.99, 0.95, 1.01, 0.99, 0.90, 0.98, 0.97, 1.00, 1.05, 0.81, 1.00, 0.84, 1.06, 1.01, 0.83, 0.91, 0.92, 0.91, 

18:13:33 --> 1.00, 1.04, 1.05, 1.02, 1.02, 1.02, 1.04, 1.00, 1.07, 0.89, 1.05, 0.97, 1.04, 1.01, 1.00, 1.05, 0.95, 1.03, 0.83, 0.86, 0.92, 0.93, 1.01, 1.00, 0.86, 1.00, 1.02, 1.02, 1.03, 1.07, 0.84, 1.01, 1.00, 1.00, 1.02, 0.85, 0.99, 0.92, 1.08, 0.84, 0.92, 1.09, 1.03, 0.99, 0.79, 0.82, 0.95, 0.93, 0.90, 1.03, 0.88, 0.99, 0.83, 0.95, 0.91, 1.04, 0.86, 0.85, 1.01, 

18:14:34 --> 0.99, 1.06, 1.03, 0.88, 1.00, 1.02, 1.01, 0.71, 1.02, 0.86, 0.91, 0.84, 0.99, 0.88, 1.03, 1.06, 0.86, 1.00, 1.04, 1.04, 0.81, 0.79, 0.99, 0.86, 0.85, 0.97, 0.86, 0.95, 1.03, 0.79, 1.00, 1.06, 0.98, 1.00, 0.99, 0.99, 0.99, 1.00, 1.02, 0.92, 1.06, 1.00, 1.09, 0.74, 0.80, 0.76, 0.96, 0.82, 1.00, 0.98, 0.86, 0.92, 0.88, 0.84, 0.88, 0.94, 0.85, 0.81, 1.08, 

18:15:36 --> 0.94, 1.03, 1.06, 0.89, 0.98, 0.88, 0.85, 1.04, 1.02, 0.99, 1.00, 1.02, 0.98, 0.92, 1.00, 0.96, 0.80, 0.96, 1.07, 0.81, 0.97, 0.78, 0.94, 0.75, 1.00, 1.00, 0.98, 1.02, 0.99, 0.99, 1.05, 0.97, 0.94, 0.74, 0.76, 0.79, 1.06, 1.07, 0.94, 1.08, 1.02, 0.98, 1.00, 0.99, 1.08, 0.95, 0.94, 0.94, 0.77, 0.82, 0.94, 1.01, 1.05, 0.84, 0.81, 0.80, 0.97, 0.94, 0.89, 

18:16:38 --> 0.79, 0.99, 0.93, 1.02, 0.76, 0.92, 0.94, 1.00, 1.02, 1.02, 0.88, 0.85, 1.04, 0.95, 0.98, 0.99, 1.00, 0.83, 0.82, 0.78, 0.86, 0.73, 0.88, 1.02, 0.98, 0.93, 0.78, 0.80, 0.76, 0.92, 0.86, 0.92, 0.85, 0.84, 1.03, 0.73, 0.81, 0.86, 0.97, 0.76, 0.77, 0.82, 0.72, 0.91, 0.83, 0.77, 0.85, 0.72, 0.98, 1.03, 1.05, 0.82, 0.76, 0.99, 0.83, 0.88, 1.06, 0.82, 0.74, 

18:17:39 --> 0.96, 0.88, 0.76, 0.93, 1.03, 0.98, 0.84, 0.90, 0.98, 0.82, 0.79, 0.95, 0.85, 0.78, 0.99, 0.83, 0.75, 0.95, 0.78, 0.99, 0.79, 0.93, 0.82, 0.74, 0.78, 0.77, 1.05, 0.76, 0.89, 0.80, 0.83, 0.94, 1.01, 1.03, 0.84, 0.83, 0.71, 0.97, 0.78, 0.73, 0.80, 0.94, 0.82, 0.86, 0.78, 0.88, 0.93, 0.83, 0.84, 0.84, 0.80, 0.88, 0.81, 0.79, 0.82, 0.74, 0.84, 0.68, 0.83, 

18:18:41 --> 0.98, 0.83, 1.00, 0.81, 0.83, 0.71, 1.02, 0.77, 0.92, 0.79, 0.69, 0.85, 0.79, 0.86, 0.90, 0.80, 1.05, 0.85, 0.83, 0.95, 0.81, 0.76, 0.96, 0.79, 0.93, 0.84, 0.94, 0.84, 0.79, 0.94, 0.77, 0.99, 0.78, 0.85, 0.80, 0.79, 0.93, 0.78, 1.04, 0.82, 0.72, 0.85, 0.81, 0.82, 0.74, 0.98, 0.78, 0.84, 0.99, 0.83, 0.76, 1.01, 0.75, 0.83, 0.94, 0.81, 0.99, 0.81, 0.97, 

18:19:43 --> 0.81, 0.78, 0.83, 0.99, 0.81, 0.81, 0.80, 0.79, 0.82, 0.73, 0.81, 0.84, 0.82, 0.77, 0.82, 0.84, 0.82, 0.73, 0.79, 0.84, -0.08, -0.06, -0.14, -0.08, -0.06, 0.10, 0.31, 0.51, 3.89, 1.00, 0.81, 0.83, 0.79, 0.76, 0.78, 0.76, 0.81, 0.76, 0.74, 0.78, 0.77, 0.75, 0.78, 0.72, 0.77, 0.75, 0.69, 0.75, 0.75, 0.78, 0.68, 0.72, 0.71, 0.74, 0.74, 0.77, 0.74, 0.76, 0.74, 

18:20:44 --> 0.72, 0.76, 0.75, 0.77, 0.75, 0.75, 0.76, 0.72, 0.70, 0.70, 0.74, 0.76, 0.75, 0.69, 0.77, 0.66, 0.69, 0.71, 0.75, 0.74, 0.72, 0.72, 0.74, 0.73, 0.74, 0.75, 0.73, 0.75, 0.74, 0.75, 0.75, 0.75, 0.75, 0.76, 0.74, 0.76, 0.74, 0.76, 0.74, 0.73, 0.77, 0.75, 0.71, 0.76, 0.74, 0.75, 0.71, 0.74, 0.73, 0.73, 0.77, 0.73, 0.77, 0.76, 0.72, 0.70, 0.72, 0.73, 0.72, 

18:21:46 --> 0.76, 0.67, 0.74, 0.73, 0.76, 0.73, 0.73, 0.76, 0.71, 0.67, 0.74, 0.72, 0.74, 0.76, 0.72, 0.74, 0.70, 0.73, 0.72, 0.71, 0.68, 0.68, 0.73, 0.67, 0.69, 0.71, 0.75, 0.69, 0.72, 0.67, 0.67, 0.72, 0.73, 0.67, 0.71, 0.72, 0.73, 0.75, 0.77, 0.76, 0.75, 0.70, 0.69, 0.73, 0.69, 0.74, 0.73, 0.74, 0.71, 0.72, 0.71, 0.72, 0.72, 0.73, 0.73, 0.66, 0.67, 0.72, 0.69, 

18:22:48 --> 0.74, 0.70, 0.71, 0.71, 0.73, 0.71, 0.70, 0.60, 0.74, 0.62, 0.70, 0.68, 0.70, 0.68, 0.73, 0.72, 0.71, 0.72, 0.70, 0.70, 0.73, 0.73, 0.74, 0.70, 0.72, 0.66, 0.71, 0.69, 0.73, 0.71, 0.71, 0.72, 0.67, 0.72, 0.72, 0.71, 0.73, 0.73, 0.72, 0.71, 0.73, 0.71, 0.70, 0.66, 0.69, 0.71, 0.71, 0.70, 0.70, 0.71, 0.61, 0.73, 0.62, 0.74, 0.73, 0.67, 0.64, 0.71, 0.71, 

18:23:49 --> 0.71, 0.67, 0.70, 0.58, 0.68, 0.67, 0.70, 0.69, 0.69, 0.69, 0.71, 0.67, 0.72, 0.74, 0.73, 0.69, 0.69, 0.71, 0.67, 0.69, 0.70, 0.73, 0.69, 0.69, 0.64, 0.66, 0.73, 0.69, 0.70, 0.71, 0.70, 0.68, 0.70, 0.65, 0.68, 0.68, 0.70, 0.68, 0.71, 0.69, 0.72, 0.69, 0.71, 0.72, 0.69, 0.70, 0.69, 0.70, 0.68, 0.71, 0.67, 0.67, 0.62, 0.71, 0.70, 0.69, 0.62, 0.70, 0.62, 

18:24:51 --> 0.64, 0.67, 0.67, 0.68, 0.70, 0.69, 0.68, 0.66, 0.76, 0.71, 0.68, 0.70, 0.68, 0.70, 0.62, 0.66, 0.57, 0.69, 0.61, 0.66, 0.67, 0.70, 0.62, 0.69, 0.62, 0.68, 0.69, 0.70, 0.69, 0.70, 0.70, 0.66, 0.67, 0.68, 0.65, 0.70, 0.61, 0.61, 0.70, 0.67, 0.71, 0.68, 0.70, 0.67, 0.64, 0.59, 0.70, 0.64, 0.68, 0.61, 0.69, 0.67, 0.67, 0.68, 0.68, 0.67, 0.67, 0.70, 0.66, 

18:25:53 --> 0.68, 0.69, 0.69, 0.67, 0.65, 0.69, 0.59, 0.70, 0.67, 0.54, 0.69, 0.60, 0.66, 0.64, 0.60, 0.66, 0.69, 0.62, 0.66, 0.67, 0.66, 0.67, 0.65, 0.68, 0.62, 0.66, 0.64, 0.65, 0.66, 0.65, 0.67, 0.71, 0.68, 0.59, 0.68, 0.67, 0.61, 0.69, 0.65, 0.65, 0.65, 0.68, 0.68, 0.56, 0.66, 0.65, 0.69, 0.67, 0.59, 0.67, 0.66, 0.65, 0.64, 0.65, 0.57, 0.66, 0.64, 0.62, 0.69, 

18:26:54 --> 0.64, 0.68, 0.59, 0.68, 0.66, 0.68, 0.65, 0.66, 0.57, 0.67, 0.67, 0.61, 0.66, 0.65, 0.65, 0.68, 0.66, 0.68, 0.65, 0.65, 0.64, 0.62, 0.64, 0.65, 0.64, 0.68, 0.65, 0.67, 0.66, 0.64, 0.61, 0.64, 0.52, 0.67, 0.65, 0.65, 0.71, 0.67, 0.65, 0.65, 0.67, 0.65, 0.64, 0.67, 0.65, 0.59, 0.65, 0.66, 0.64, 0.65, 0.62, 0.64, 0.61, 0.65, 0.62, 0.69, 0.66, 0.66, 0.66, 

18:27:56 --> 0.57, 0.60, 0.62, 0.64, 0.65, 0.59, 0.66, 0.60, 0.57, 0.67, 0.61, 0.65, 0.64, 0.65, 0.59, 0.66, 0.62, 0.64, 0.66, 0.61, 0.62, 0.57, 0.66, 0.66, 0.64, 0.67, 0.66, 0.66, 0.64, 0.65, 0.64, 0.65, 0.65, 0.60, 0.64, 0.66, 0.54, 0.61, 0.64, 0.62, 0.56, 0.64, 0.57, 0.60, 0.56, 0.65, 0.60, 0.61, 0.57, 0.61, 0.58, 0.65, 0.64, 0.62, 0.60, 0.50, 0.54, 0.65, 0.60, 

18:28:58 --> 0.60, 0.61, 0.62, 0.54, 0.61, 0.69, 0.61, 0.59, 0.61, 0.60, 0.65, 0.60, 0.60, 0.60, 0.61, 0.62, 0.65, 0.62, 0.61, 0.62, 0.62, 0.66, 0.60, 0.70, 0.62, 0.62, 0.64, 0.61, 0.61, 0.59, 0.58, 0.66, 0.57, 0.61, 0.61, 0.64, 0.62, 0.61, 0.62, 0.57, 0.61, 0.54, 0.60, 0.60, 0.61, 0.60, 0.60, 0.55, 0.61, 0.59, 0.64, 0.65, 0.58, 0.64, 0.64, 0.61, 0.61, 0.61, 0.57, 

18:29:59 --> 0.61, 0.61, 0.60, 0.61, 0.62, 0.60, 0.59, 0.59, 0.61, 0.60, 0.62, 0.59, 0.64, 0.56, 0.59, 0.64, 0.48, 0.60, 0.60, 0.61, 0.60, 0.60, 0.60, 0.62, 0.60, 0.61, 0.64, 0.60, 0.62, 0.61, 0.60, 0.61, 0.58, 0.58, 0.58, 0.58, 0.52, 0.62, 0.55, 0.60, 0.57, 0.56, 0.58, 0.59, 0.57, 0.59, 0.51, 0.60, 0.56, 0.66, 0.58, 0.52, 0.60, 0.62, 0.61, 0.62, 0.55, 0.57, 0.59, 

18:31:01 --> 0.56, 0.62, 0.60, 0.58, 0.60, 0.58, 0.59, 0.50, 0.61, 0.59, 0.58, 0.60, 0.62, 0.57, 0.61, 0.55, 0.59, 0.64, 0.59, 0.57, 0.58, 0.50, 0.59, 0.62, 0.53, 0.59, 0.51, 0.60, 0.54, 0.64, 0.55, 0.59, 0.37, 0.57, 0.61, 0.59, 0.59, 0.64, 0.59, 0.58, 0.57, 0.61, 0.58, 0.59, 0.61, 0.57, 0.62, 0.61, 0.62, 0.53, 0.57, 0.50, 0.62, 0.52, 0.61, 0.61, 0.61, 0.56, 0.61, 

18:32:03 --> 0.65, 0.60, 0.61, 0.46, 0.61, 0.61, 0.60, 0.53, 0.56, 0.57, 0.46, 0.52, 0.57, 0.50, 0.60, 0.51, 0.58, 0.52, 0.51, 0.46, 0.54, 0.61, 0.47, 0.60, 0.58, 0.59, 0.60, 0.51, 0.56, 0.54, 0.59, 0.54, 0.57, 0.57, 0.52, 0.59, 0.55, 0.61, 0.60, 0.62, 0.53, 0.60, 0.50, 0.57, 0.52, 0.43, 0.56, 0.57, 0.60, 0.58, 0.58, 0.59, 0.62, 0.47, 0.53, 0.54, 0.51, 0.51, 0.59, 

18:33:04 --> 0.61, 0.50, 0.60, 0.49, 0.51, 0.54, 0.62, 0.60, 0.51, 0.51, 0.57, 0.62, 0.56, 0.60, 0.64, 0.55, 0.49, 0.55, 0.50, 0.64, 0.54, 0.57, 0.58, 0.61, 0.62, 0.65, 0.54, 0.53, 0.54, 0.53, 0.53, 0.58, 0.57, 0.60, 0.54, 0.54, 0.56, 0.57, 0.57, 0.53, 0.51, 0.46, 0.58, 0.57, 0.58, 0.60, 0.58, 0.61, 0.53, 0.55, 0.49, 0.52, 0.54, 0.59, 0.60, 0.53, 0.51, 0.58, 0.57, 

18:34:06 --> 0.52, 0.51, 0.52, 0.52, 0.55, 0.45, 0.54, 0.54, 0.52, 0.49, 0.60, 0.59, 0.54, 0.51, 0.52, 0.45, 0.58, 0.49, 0.60, 0.57, 0.60, 0.59, 0.64, 0.60, 0.53, 0.51, 0.57, 0.50, 0.49, 0.45, 0.46, 0.57, 0.50, 0.47, 0.49, 0.53, 0.46, 0.53, 0.53, 0.51, 0.48, 0.53, 0.54, 0.47, 0.47, 0.53, 0.48, 0.53, 0.52, 0.56, 0.53, 0.49, 0.50, 0.57, 0.58, 0.60, 0.60, 0.58, 0.57, 

18:35:08 --> 0.53, 0.46, 0.60, 0.59, 0.58, 0.53, 0.47, 0.55, 0.48, 0.54, 0.51, 0.57, 0.52, 0.53, 0.50, 0.59, 0.64, 0.54, 0.48, 0.53, 0.50, 0.62, 0.54, 0.51, 0.52, 0.53, 0.57, 0.49, 0.53, 0.52, 0.54, 0.51, 0.55, 0.61, 0.54, 0.52, 0.55, 0.42, 0.51, 0.56, 0.53, 0.59, 0.55, 0.49, 0.51, 0.53, 0.49, 0.57, 0.54, 0.54, 0.56, 0.59, 0.52, 0.54, 0.53, 0.54, 0.60, 0.49, 0.46, 

18:36:09 --> 0.48, 0.48, 0.54, 0.57, 0.59, 0.52, 0.59, 0.61, 0.56, 0.54, 0.54, 0.53, 0.53, 0.57, 0.51, 0.48, 0.45, 0.45, 0.53, 0.48, 0.52, 0.47, 0.56, 0.55, 0.54, 0.54, 0.54, 0.56, 0.52, 0.55, 0.48, 0.53, 0.54, 0.56, 0.53, 0.52, 0.56, 0.46, 0.58, 0.54, 0.49, 0.54, 0.59, 0.52, 0.52, 0.53, 0.51, 0.59, 0.49, 0.51, 0.53, 0.53, 0.53, 0.47, 0.51, 0.54, 0.49, 0.54, 0.51, 

18:37:11 --> 0.54, 0.54, 0.53, 0.64, 0.59, 0.53, 0.52, 0.52, 0.51, 0.54, 0.51, 0.47, 0.60, 0.52, 0.46, 0.52, 0.43, 0.57, 0.51, 0.52, 0.49, 0.49, 0.51, 0.55, 0.54, 0.55, 0.59, 0.49, 0.48, 0.51, 0.51, 0.53, 0.53, 0.51, 0.53, 0.50, 0.52, 0.54, 0.50, 0.60, 0.52, 0.55, 0.54, 0.55, 0.49, 0.54, 0.52, 0.53, 0.59, 0.53, 0.54, 0.57, 0.51, 0.51, 0.52, 0.54, 0.48, 0.53, 0.50, 

18:38:13 --> 0.49, 0.45, 0.53, 0.53, 0.61, 0.54, 0.53, 0.53, 0.53, 0.45, 0.49, 0.52, 0.47, 0.51, 0.52, 0.51, 0.50, 0.54, 0.51, 0.51, 0.53, 0.52, 0.46, 0.47, 0.52, 0.56, 0.48, 0.53, 0.57, 0.46, 0.43, 0.54, 0.51, 0.51, 0.53, 0.52, 0.54, 0.51, 0.47, 0.52, 0.53, 0.46, 0.53, 0.50, 0.51, 0.51, 0.49, 0.53, 0.45, 0.51, 0.56, 0.47, 0.48, 0.52, 0.42, 0.47, 0.51, 0.52, 0.51, 

18:39:14 --> 0.52, 0.55, 0.54, 0.43, 0.53, 0.52, 0.54, 0.50, 0.45, 0.53, 0.52, 0.54, 0.51, 0.53, 0.53, 0.50, 0.54, 0.51, 0.50, 0.53, 0.53, 0.50, 0.50, 0.50, 0.50, 0.52, 0.52, 0.54, 0.55, 0.46, 0.50, 0.53, 0.54, 0.44, 0.51, 0.47, 0.47, 0.51, 0.51, 0.49, 0.53, 0.48, 0.55, 0.44, 0.49, 0.54, 0.50, 0.51, 0.53, 0.53, 0.52, 0.51, 0.53, 0.51, 0.48, 0.51, 0.48, 0.50, 0.47, 

18:40:16 --> 0.49, 0.53, 0.48, 0.52, 0.53, 0.52, 0.50, 0.51, 0.52, 0.54, 0.48, 0.51, 0.51, 0.48, 0.50, 0.42, 0.43, 0.46, 0.54, 0.50, 0.43, 0.50, 0.51, 0.48, 0.52, 0.46, 0.52, 0.52, 0.52, 0.50, 0.51, 0.50, 0.52, 0.50, 0.51, 0.53, 0.50, 0.50, 0.53, 0.51, 0.52, 0.49, 0.52, 0.43, 0.46, 0.52, 0.53, 0.52, 0.52, 0.40, 0.51, 0.48, 0.51, 0.42, 0.50, 0.40, 0.50, 0.48, 0.51, 

18:41:18 --> 0.54, 0.49, 0.52, 0.48, 0.52, 0.53, 0.49, 0.49, 0.47, 0.47, 0.52, 0.49, 0.48, 0.47, 0.50, 0.50, 0.51, 0.46, 0.51, 0.50, 0.52, 0.51, 0.50, 0.49, 0.51, 0.49, 0.51, 0.54, 0.48, 0.44, 0.44, 0.49, 0.52, 0.50, 0.49, 0.46, 0.49, 0.55, 0.51, 0.51, 0.51, 0.36, 0.51, 0.49, 0.44, 0.50, 0.50, 0.48, 0.49, 0.53, 0.53, 0.51, 0.49, 0.44, 0.51, 0.54, 0.45, 0.45, 0.48, 

18:42:19 --> 0.48, 0.51, 0.52, 0.47, 0.51, 0.41, 0.51, 0.48, 0.51, 0.50, 0.53, 0.49, 0.46, 0.50, 0.50, 0.53, 0.50, 0.50, 0.50, 0.50, 0.40, 0.54, 0.49, 0.48, 0.48, 0.50, 0.51, 0.53, 0.43, 0.52, 0.47, 0.52, 0.49, 0.52, 0.50, 0.53, 0.47, 0.49, 0.41, 0.50, 0.43, 0.50, 0.49, 0.51, 0.49, 0.51, 0.51, 0.50, 0.47, 0.51, 0.52, 0.49, 0.51, 0.47, 0.48, 0.51, 0.49, 0.51, 0.50, 

18:43:21 --> 0.46, 0.48, 0.46, 0.51, 0.50, 0.48, 0.50, 0.51, 0.48, 0.46, 0.52, 0.48, 0.41, 0.48, 0.49, 0.49, 0.53, 0.48, 0.49, 0.43, 0.52, 0.50, 0.50, 0.44, 0.51, 0.45, 0.45, 0.51, 0.48, 0.48, 0.49, 0.50, 0.49, 0.49, 0.48, 0.41, 0.42, 0.49, 0.47, 0.45, 0.48, 0.50, 0.49, 0.52, 0.49, 0.48, 0.47, 0.49, 0.50, 0.51, 0.46, 0.49, 0.48, 0.44, 0.52, 0.50, 0.48, 0.47, 0.50, 

18:44:23 --> 0.50, 0.48, 0.41, 0.41, 0.48, 0.47, 0.49, 0.48, 0.52, 0.45, 0.51, 0.48, 0.49, 0.46, 0.50, 0.42, 0.49, 0.51, 0.49, 0.49, 0.51, 0.43, 0.49, 0.50, 0.48, 0.47, 0.42, 0.53, 0.45, 0.44, 0.51, 0.44, 0.44, 0.49, 0.48, 0.48, 0.50, 0.50, 0.46, 0.51, 0.53, 0.48, 0.50, 0.48, 0.50, 0.47, 0.50, 0.48, 0.48, 0.44, 0.48, 0.48, 0.47, 0.51, 0.43, 0.47, 0.49, 0.48, 0.51, 

18:45:24 --> 0.49, 0.42, 0.43, 0.50, 0.46, 0.50, 0.51, 0.47, 0.46, 0.40, 0.51, 0.50, 0.46, 0.48, 0.50, 0.49, 0.49, 0.51, 0.44, 0.41, 0.48, 0.45, 0.52, 0.51, 0.50, 0.42, 0.45, 0.48, 0.49, 0.50, 0.48, 0.49, 0.44, 0.50, 0.48, 0.48, 0.47, 0.49, 0.49, 0.49, 0.48, 0.51, 0.43, 0.51, 0.49, 0.44, 0.46, 0.52, 0.47, 0.48, 0.50, 0.48, 0.45, 0.46, 0.40, 0.47, 0.42, 0.48, 0.43, 

18:46:26 --> 0.47, 0.49, 0.48, 0.47, 0.50, 0.50, 0.50, 0.46, 0.49, 0.51, 0.52, 0.44, 0.47, 0.48, 0.50, 0.46, 0.42, 0.48, 0.45, 0.48, 0.49, 0.50, 0.48, 0.48, 0.48, 0.51, 0.43, 0.51, 0.45, 0.48, 0.52, 0.42, 0.51, 0.41, 0.48, 0.43, 0.48, 0.48, 0.49, 0.48, 0.46, 0.40, 0.48, 0.36, 0.52, 0.49, 0.49, 0.47, 0.48, 0.45, 0.49, 0.49, 0.50, 0.48, 0.48, 0.49, 0.49, 0.50, 0.48, 

18:47:28 --> 0.50, 0.46, 0.44, 0.44, 0.51, 0.48, 0.52, 0.51, 0.50, 0.43, 0.43, 0.47, 0.41, 0.46, 0.48, 0.44, 0.45, 0.52, 0.48, 0.44, 0.42, 0.51, 0.43, 0.36, 0.45, 0.48, 0.47, 0.44, 0.39, 0.39, 0.46, 0.44, 0.49, 0.44, 0.54, 0.44, 0.46, 0.47, 0.41, 0.48, 0.45, 0.44, 0.43, 0.51, 0.44, 0.45, 0.44, 0.47, 0.48, 0.43, 0.54, 0.50, 0.42, 0.36, 0.40, 0.34, 0.53, 0.47, 0.40, 

18:48:29 --> 0.50, 0.47, 0.42, 0.45, 0.43, 0.43, 0.44, 0.42, 0.47, 0.44, 0.51, 0.49, 0.39, 0.42, 0.40, 0.43, 0.44, 0.46, 0.45, 0.42, 0.49, 0.48, 0.39, 0.46, 0.47, 0.54, 0.51, 0.47, 0.42, 0.47, 0.47, 0.45, 0.43, 0.48, 0.48, 0.48, 0.48, 0.39, 0.46, 0.43, 0.37, 0.39, 0.36, 0.43, 0.40, 0.43, 0.41, 0.50, 0.46, 0.43, 0.36, 0.35, 0.27, 0.49, 0.41, 0.40, 0.40, 0.45, 0.46, 

18:49:31 --> 0.43, 0.44, 0.41, 0.49, 0.44, 0.40, 0.44, 0.44, 0.47, 0.34, 0.48, 0.41, 0.43, 0.42, 0.46, 0.42, 0.47, 0.37, 0.45, 0.45, 0.46, 0.45, 0.51, 0.49, 0.44, 0.49, 0.48, 0.42, 0.43, 0.45, 0.45, 0.51, 0.45, 0.37, 0.48, 0.39, 0.46, 0.42, 0.47, 0.51, 0.49, 0.48, 0.41, 0.47, 0.44, 0.44, 0.47, 0.50, 0.46, 0.46, 0.53, 0.47, 0.46, 0.48, 0.44, 0.47, 0.46, 0.50, 0.40, 

18:50:33 --> 0.46, 0.46, 0.54, 0.45, 0.46, 0.48, 0.42, 0.40, 0.45, 0.44, 0.48, 0.44, 0.53, 0.40, 0.59, 0.47, 0.44, 0.43, 0.46, 0.40, 0.43, 0.40, 0.46, 0.44, 0.47, 0.43, 0.43, 0.46, 0.43, 0.45, 0.48, 0.37, 0.49, 0.44, 0.47, 0.44, 0.44, 0.40, 0.39, 0.45, 0.40, 0.42, 0.36, 0.46, 0.43, 0.46, 0.45, 0.48, 0.49, 0.52, 0.35, 0.47, 0.40, 0.45, 0.43, 0.44, 0.46, 0.48, 0.48, 

18:51:34 --> 0.44, 0.47, 0.45, 0.43, 0.46, 0.45, 0.53, 0.47, 0.46, 0.41, 0.40, 0.43, 0.46, 0.49, 0.46, 0.50, 0.52, 0.41, 0.43, 0.45, 0.37, 0.44, 0.45, 0.43, 0.40, 0.46, 0.37, 0.48, 0.46, 0.47, 0.45, 0.43, 0.46, 0.40, 0.46, 0.47, 0.45, 0.50, 0.48, 0.37, 0.45, 0.47, 0.34, 0.43, 0.34, 0.44, 0.45, 0.48, 0.44, 0.45, 0.44, 0.47, 0.47, 0.45, 0.47, 0.46, 0.46, 0.46, 0.48, 

18:52:36 --> 0.47, 0.43, 0.43, 0.36, 0.49, 0.53, 0.47, 0.40, 0.46, 0.48, 0.46, 0.49, 0.46, 0.44, 0.48, 0.47, 0.43, 0.44, 0.44, 0.45, 0.44, 0.41, 0.43, 0.47, 0.33, 0.41, 0.39, 0.45, 0.36, 0.45, 0.45, 0.39, 0.36, 0.44, 0.42, 0.44, 0.45, 0.43, 0.46, 0.44, 0.46, 0.46, 0.48, 0.43, 0.40, 0.46, 0.48, 0.46, 0.46, 0.37, 0.47, 0.46, 0.48, 0.42, 0.44, 0.43, 0.46, 0.44, 0.46, 

18:53:38 --> 0.47, 0.43, 0.45, 0.43, 0.42, 0.43, 0.45, 0.45, 0.44, 0.45, 0.43, 0.43, 0.44, 0.47, 0.43, 0.46, 0.50, 0.46, 0.37, 0.44, 0.35, 0.46, 0.53, 0.47, 0.42, 0.46, 0.45, 0.45, 0.47, 0.45, 0.45, 0.46, 0.48, 0.46, 0.46, 0.43, 0.42, 0.35, 0.49, 0.46, 0.44, 0.45, 0.46, 0.45, 0.37, 0.47, 0.44, 0.46, 0.54, 0.49, 0.44, 0.34, 0.44, 0.46, 0.45, 0.50, 0.36, 0.40, 0.44, 

18:54:39 --> 0.46, 0.51, 0.45, 0.45, 0.44, 0.46, 0.47, 0.42, 0.46, 0.43, 0.44, 0.46, 0.47, 0.47, 0.45, 0.43, 0.41, 0.48, 0.48, 0.47, 0.46, 0.44, 0.44, 0.46, 0.46, 0.42, 0.42, 0.46, 0.54, 0.43, 0.36, 0.40, 0.43, 0.41, 0.45, 0.46, 0.43, 0.44, 0.43, 0.43, 0.36, 0.48, 0.40, 0.42, 0.39, 0.52, 0.43, 0.46, 0.37, 0.28, 0.42, 0.37, 0.43, 0.40, 0.45, 0.40, 0.36, 0.41, 0.35, 

18:55:41 --> 0.45, 0.45, 0.46, 0.43, 0.40, 0.44, 0.44, 0.44, 0.47, 0.48, 0.46, 0.41, 0.46, 0.45, 0.47, 0.45, 0.43, 0.43, 0.44, 0.44, 0.42, 0.43, 0.42, 0.44, 0.40, 0.37, 0.43, 0.35, 0.45, 0.43, 0.34, 0.45, 0.43, 0.43, 0.43, 0.33, 0.45, 0.43, 0.42, 0.42, 0.43, 0.45, 0.44, 0.43, 0.42, 0.42, 0.43, 0.43, 0.43, 0.46, 0.44, 0.42, 0.40, 0.46, 0.45, 0.46, 0.44, 0.41, 0.40, 

18:56:43 --> 0.41, 0.43, 0.40, 0.47, 0.44, 0.45, 0.45, 0.44, 0.42, 0.45, 0.35, 0.46, 0.32, 0.36, 0.42, 0.48, 0.45, 0.46, 0.45, 0.55, 0.45, 0.46, 0.46, 0.47, 0.44, 0.45, 0.47, 0.45, 0.45, 0.43, 0.44, 0.37, 0.44, 0.42, 0.37, 0.49, 0.47, 0.45, 0.44, 0.44, 0.42, 0.48, 0.43, 0.39, 0.43, 0.36, 0.41, 0.43, 0.45, 0.36, 0.44, 0.47, 0.46, 0.47, 0.45, 0.40, 0.39, 0.48, 0.43, 

18:57:45 --> 0.43, 0.44, 0.46, 0.44, 0.44, 0.45, 0.40, 0.47, 0.37, 0.43, 0.39, 0.44, 0.39, 0.37, 0.36, 0.45, 0.35, 0.36, 0.34, 0.47, 0.46, 0.46, 0.46, 0.43, 0.46, 0.40, 0.45, 0.45, 0.45, 0.45, 0.45, 0.47, 0.46, 0.47, 0.44, 0.43, 0.43, 0.44, 0.42, 0.46, 0.44, 0.44, 0.42, 0.42, 0.45, 0.47, 0.49, 0.33, 0.46, 0.34, 0.36, 0.41, 0.44, 0.47, 0.47, 0.44, 0.43, 0.42, 0.47, 

18:58:46 --> 0.46, 0.47, 0.36, 0.44, 0.46, 0.45, 0.45, 0.44, 0.48, 0.48, 0.46, 0.48, 0.44, 0.42, 0.41, 0.34, 0.40, 0.46, 0.45, 0.43, 0.45, 0.41, 0.43, 0.35, 0.36, 0.47, 0.39, 0.42, 0.46, 0.39, 0.46, 0.46, 0.45, 0.45, 0.39, 0.48, 0.45, 0.44, 0.45, 0.45, 0.44, 0.41, 0.44, 0.44, 0.48, 0.49, 0.42, 0.45, 0.46, 0.43, 0.45, 0.39, 0.46, 0.43, 0.43, 0.47, 0.43, 0.46, 0.45, 

18:59:48 --> 0.44, 0.35, 0.45, 0.46, 0.46, 0.46, 0.47, 0.40, 0.47, 0.45, 0.44, 0.39, 0.46, 0.36, 0.44, 0.44, 0.35, 0.35, 0.46, 0.36, 0.45, 0.40, 0.46, 0.44, 0.44, 0.49, 0.42, 0.37, 0.43, 0.43, 0.45, 0.36, 0.36, 0.45, 0.43, 0.45, 0.47, 0.42, 0.33, 0.45, 0.46, 0.46, 0.45, 0.43, 0.43, 0.44, 0.39, 0.47, 0.46, 0.45, 0.40, 0.45, 0.44, 0.44, 0.36, 0.37, 0.45, 0.44, 0.46, 

19:00:50 --> 0.46, 0.45, 0.45, 0.46, 0.46, 0.44, 0.45, 0.46, 0.44, 0.39, 0.45, 0.43, 0.45, 0.45, 0.46, 0.48, 0.44, 0.42, 0.45, 0.42, 0.37, 0.43, 0.45, 0.44, 0.40, 0.46, 0.45, 0.47, 0.46, 0.37, 0.35, 0.36, 0.45, 0.43, 0.45, 0.41, 0.35, 0.39, 0.42, 0.37, 0.46, 0.44, 0.47, 0.34, 0.33, 0.39, 0.34, 0.47, 0.43, 0.42, 0.42, 0.43, 0.42, 0.46, 0.45, 0.40, 0.43, 0.47, 0.44, 

19:01:51 --> 0.42, 0.44, 0.47, 0.44, 0.45, 0.40, 0.40, 0.45, 0.44, 0.41, 0.43, 0.48, 0.35, 0.45, 0.43, 0.33, 0.41, 0.36, 0.35, 0.46, 0.33, 0.44, 0.41, 0.45, 0.46, 0.43, 0.48, 0.41, 0.46, 0.45, 0.42, 0.40, 0.43, 0.39, 0.44, 0.44, 0.40, 0.46, 0.45, 0.36, 0.37, 0.45, 0.45, 0.42, 0.46, 0.46, 0.44, 0.46, 0.43, 0.34, 0.46, 0.47, 0.47, 0.46, 0.42, 0.39, 0.36, 0.40, 0.47, 

19:02:53 --> 0.45, 0.45, 0.44, 0.47, 0.46, 0.37, 0.37, 0.43, 0.46, 0.44, 0.41, 0.43, 0.46, 0.43, 0.36, 0.40, 0.45, 0.36, 0.44, 0.37, 0.46, 0.46, 0.43, 0.45, 0.45, 0.45, 0.44, 0.40, 0.34, 0.45, 0.31, 0.46, 0.33, 0.37, 0.42, 0.40, 0.43, 0.35, 0.39, 0.49, 0.45, 0.48, 0.39, 0.33, 0.46, 0.44, 0.35, 0.42, 0.49, 0.46, 0.41, 0.40, 0.37, 0.44, 0.36, 0.46, 0.44, 0.45, 0.35, 

19:03:55 --> 0.36, 0.46, 0.39, 0.42, 0.31, 0.42, 0.37, 0.36, 0.44, 0.45, 0.39, 0.40, 0.44, 0.43, 0.44, 0.46, 0.45, 0.39, 0.49, 0.47, 0.45, 0.45, 0.35, 0.39, 0.45, 0.44, 0.43, 0.39, 0.45, 0.45, 0.46, 0.44, 0.39, 0.41, 0.46, 0.45, 0.37, 0.40, 0.43, 0.42, 0.37, 0.37, 0.45, 0.42, 0.43, 0.40, 0.35, 0.43, 0.35, 0.44, 0.40, 0.42, 0.42, 0.44, 0.42, 0.45, 0.44, 0.36, 0.44, 

19:04:56 --> 0.46, 0.43, 0.35, 0.42, 0.49, 0.40, 0.47, 0.44, 0.46, 0.42, 0.43, 0.43, 0.43, 0.42, 0.45, 0.45, 0.41, 0.32, 0.45, 0.44, 0.45, 0.44, 0.44, 0.44, 0.39, 0.42, 0.44, 0.42, 0.43, 0.45, 0.45, 0.41, 0.43, 0.45, 0.40, 0.40, 0.43, 0.43, 0.39, 0.40, 0.39, 0.45, 0.44, 0.35, 0.42, 0.39, 0.46, 0.43, 0.36, 0.41, 0.41, 0.42, 0.44, 0.40, 0.42, 0.44, 0.44, 0.45, 0.46, 

19:05:58 --> 0.43, 0.46, 0.37, 0.35, 0.43, 0.44, 0.47, 0.45, 0.43, 0.44, 0.42, 0.40, 0.37, 0.44, 0.42, 0.36, 0.44, 0.43, 0.46, 0.45, 0.40, 0.43, 0.39, 0.37, 0.39, 0.43, 0.42, 0.43, 0.43, 0.44, 0.34, 0.36, 0.42, 0.43, 0.40, 0.44, 0.46, 0.35, 0.45, 0.44, 0.42, 0.40, 0.42, 0.33, 0.43, 0.42, 0.44, 0.40, 0.45, 0.43, 0.41, 0.34, 0.40, 0.43, 0.33, 0.45, 0.42, 0.44, 0.44, 

19:07:00 --> 0.46, 0.45, 0.46, 0.33, 0.43, 0.42, 0.44, 0.43, 0.47, 0.50, 0.43, 0.44, 0.47, 0.46, 0.32, 0.43, 0.43, 0.44, 0.40, 0.43, 0.45, 0.45, 0.43, 0.35, 0.34, 0.45, 0.35, 0.42, 0.46, 0.35, 0.44, 0.43, 0.42, 0.45, 0.42, 0.47, 0.46, 0.40, 0.35, 0.39, 0.36, 0.40, 0.44, 0.45, 0.41, 0.43, 0.42, 0.46, 0.47, 0.36, 0.31, 0.45, 0.34, 0.42, 0.43, 0.36, 0.37, 0.43, 0.47, 

19:08:02 --> 0.41, 0.48, 0.41, 0.46, 0.45, 0.45, 0.45, 0.43, 0.45, 0.43, 0.40, 0.40, 0.40, 0.43, 0.33, 0.47, 0.37, 0.37, 0.36, 0.44, 0.37, 0.40, 0.46, 0.32, 0.43, 0.37, 0.47, 0.46, 0.42, 0.42, 0.44, 0.47, 0.31, 0.42, 0.46, 0.43, 0.44, 0.44, 0.42, 0.33, 0.42, 0.33, 0.36, 0.49, 0.35, 0.44, 0.44, 0.44, 0.45, 0.47, 0.36, 0.43, 0.29, 0.36, 0.44, 0.45, 0.45, 0.34, 0.46, 

19:09:04 --> 0.45, 0.44, 0.41, 0.34, 0.46, 0.37, 0.37, 0.37, 0.34, 0.36, 0.46, 0.41, 0.45, 0.40, 0.37, 0.44, 0.43, 0.43, 0.45, 0.35, 0.44, 0.34, 0.34, 0.44, 0.45, 0.43, 0.44, 0.40, 0.43, 0.43, 0.46, 0.35, 0.45, 0.44, 0.43, 0.43, 0.44, 0.35, 0.39, 0.32, 0.42, 0.43, 0.40, 0.41, 0.36, 0.43, 0.39, 0.36, 0.43, 0.32, 0.45, 0.44, 0.44, 0.40, 0.18, 0.43, 0.35, 0.36, 0.36, 

19:10:06 --> 0.48, 0.47, 0.43, 0.45, 0.34, 0.44, 0.49, 0.36, 0.46, 0.42, 0.44, 0.41, 0.34, 0.34, 0.36, 0.34, 0.44, 0.43, 0.45, 0.44, 0.45, 0.41, 0.33, 0.42, 0.45, 0.42, 0.44, 0.42, 0.40, 0.45, 0.43, 0.36, 0.44, 0.45, 0.34, 0.45, 0.39, 0.44, 0.45, 0.43, 0.40, 0.36, 0.44, 0.43, 0.43, 0.36, 0.45, 0.44, 0.39, 0.45, 0.42, 0.45, 0.42, 0.44, 0.34, 0.30, 0.42, 0.34, 0.42, 

19:11:08 --> 0.37, 0.46, 0.45, 0.41, 0.41, 0.44, 0.35, 0.36, 0.43, 0.44, 0.36, 0.42, 0.36, 0.41, 0.34, 0.34, 0.33, 0.44, 0.43, 0.37, 0.42, 0.43, 0.36, 0.40, 0.36, 0.41, 0.39, 0.42, 0.44, 0.39, 0.34, 0.45, 0.36, 0.45, 0.43, 0.39, 0.30, 0.41, 0.29, 0.35, 0.41, 0.45, 0.44, 0.42, 0.36, 0.46, 0.43, 0.44, 0.41, 0.42, 0.42, 0.44, 0.44, 0.43, 0.40, 0.36, 0.43, 0.44, 0.33, 

19:12:10 --> 0.43, 0.42, 0.43, 0.36, 0.45, 0.37, 0.40, 0.34, 0.37, 0.42, 0.46, 0.44, 0.37, 0.37, 0.42, 0.37, 0.42, 0.42, 0.32, 0.39, 0.42, 0.46, 0.36, 0.40, 0.30, 0.43, 0.47, 0.45, 0.44, 0.31, 0.41, 0.44, 0.42, 0.34, 0.35, 0.46, 0.41, 0.44, 0.39, 0.35, 0.47, 0.44, 0.37, 0.45, 0.35, 0.41, 0.36, 0.33, 0.41, 0.30, 0.35, 0.40, 0.43, 0.30, 0.29, 0.45, 0.43, 0.33, 0.43, 

19:13:12 --> 0.43, 0.43, 0.37, 0.43, 0.43, 0.41, 0.42, 0.43, 0.39, 0.33, 0.46, 0.43, 0.39, 0.48, 0.42, 0.39, 0.33, 0.44, 0.40, 0.41, 0.45, 0.36, 0.44, 0.48, 0.35, 0.33, 0.42, 0.35, 0.45, 0.43, 0.45, 0.43, 0.40, 0.44, 0.40, 0.42, 0.37, 0.42, 0.40, 0.41, 0.41, 0.34, 0.44, 0.42, 0.45, 0.44, 0.40, 0.43, 0.46, 0.42, 0.34, 0.35, 0.37, 0.42, 0.43, 0.37, 0.43, 0.46, 0.41, 

19:14:14 --> 0.42, 0.40, 0.44, 0.39, 0.36, 0.42, 0.36, 0.40, 0.39, 0.37, 0.41, 0.34, 0.43, 0.41, 0.43, 0.37, 0.47, 0.41, 0.40, 0.44, 0.41, 0.43, 0.43, 0.42, 0.44, 0.37, 0.40, 0.43, 0.41, 0.44, 0.45, 0.44, 0.43, 0.42, 0.34, 0.34, 0.37, 0.45, 0.41, 0.42, 0.40, 0.35, 0.44, 0.46, 0.34, 0.34, 0.44, 0.42, 0.45, 0.44, 0.43, 0.37, 0.40, 0.37, 0.42, 0.41, 0.44, 0.33, 0.41, 

19:15:16 --> 0.31, 0.33, 0.42, 0.39, 0.47, 0.37, 0.45, 0.45, 0.41, 0.40, 0.34, 0.34, 0.36, 0.43, 0.45, 0.42, 0.36, 0.29, 0.42, 0.40, 0.39, 0.42, 0.42, 0.30, 0.42, 0.43, 0.40, 0.42, 0.45, 0.44, 0.43, 0.45, 0.37, 0.42, 0.35, 0.37, 0.44, 0.35, 0.41, 0.36, 0.39, 0.36, 0.39, 0.45, 0.45, 0.44, 0.44, 0.44, 0.44, 0.41, 0.36, 0.35, 0.33, 0.37, 0.33, 0.44, 0.33, 0.35, 0.41, 

19:16:18 --> 0.30, 0.33, 0.41, 0.31, 0.36, 0.44, 0.44, 0.35, 0.46, 0.44, 0.40, 0.46, 0.35, 0.31, 0.41, 0.41, 0.33, 0.43, 0.33, 0.44, 0.35, 0.34, 0.43, 0.40, 0.47, 0.30, 0.40, 0.43, 0.43, 0.42, 0.44, 0.43, 0.44, 0.42, 0.35, 0.44, 0.41, 0.31, 0.43, 0.36, 0.47, 0.42, 0.43, 0.41, 0.42, 0.40, 0.43, 0.37, 0.40, 0.29, 0.45, 0.36, 0.37, 0.42, 0.44, 0.46, 0.34, 0.36, 0.41, 

19:17:20 --> 0.43, 0.43, 0.40, 0.36, 0.43, 0.44, 0.44, 0.33, 0.36, 0.36, 0.42, 0.42, 0.44, 0.42, 0.35, 0.32, 0.41, 0.42, 0.36, 0.35, 0.36, 0.37, 0.36, 0.43, 0.34, 0.33, 0.43, 0.41, 0.45, 0.34, 0.41, 0.41, 0.35, 0.31, 0.36, 0.40, 0.42, 0.37, 0.42, 0.36, 0.37, 0.41, 0.43, 0.44, 0.46, 0.41, 0.33, 0.45, 0.37, 0.34, 0.43, 0.41, 0.36, 0.44, 0.37, 0.45, 0.42, 0.42, 0.42, 

19:18:22 --> 0.41, 0.39, 0.44, 0.37, 0.35, 0.36, 0.43, 0.41, 0.35, 0.37, 0.37, 0.32, 0.34, 0.41, 0.25, 0.42, 0.31, 0.43, 0.40, 0.37, 0.37, 0.37, 0.46, 0.39, 0.33, 0.42, 0.43, 0.36, 0.45, 0.43, 0.42, 0.41, 0.43, 0.41, 0.43, 0.39, 0.42, 0.39, 0.42, 0.18, 0.42, 0.42, 0.43, 0.42, 0.41, 0.42, 0.43, 0.42, 0.44, 0.45, 0.39, 0.36, 0.40, 0.43, 0.41, 0.39, 0.41, 0.41, 0.43, 

19:19:24 --> 0.34, 0.43, 0.32, 0.44, 0.43, 0.46, 0.37, 0.41, 0.44, 0.34, 0.36, 0.34, 0.37, 0.39, 0.39, 0.42, 0.45, 0.43, 0.37, 0.42, 0.31, 0.43, 0.43, 0.44, 0.39, 0.42, 0.37, 0.37, 0.45, 0.42, 0.36, 0.36, 0.42, 0.35, 0.39, 0.37, 0.41, 0.44, 0.37, 0.36, 0.41, 0.33, 0.33, 0.41, 0.39, 0.36, 0.40, 0.41, 0.40, 0.34, 0.44, 0.44, 0.42, 0.40, 0.41, 0.44, 0.41, 0.42, 0.43, 

19:20:26 --> 0.40, 0.42, 0.33, 0.37, 0.41, 0.43, 0.39, 0.42, 0.36, 0.45, 0.21, 0.33, 0.34, 0.42, 0.32, 0.44, 0.43, 0.42, 0.45, 0.36, 0.39, 0.44, 0.35, 0.31, 0.42, 0.34, 0.43, 0.40, 0.46, 0.46, 0.44, 0.39, 0.37, 0.34, 0.45, 0.36, 0.43, 0.42, 0.42, 0.34, 0.41, 0.45, 0.34, 0.43, 0.37, 0.40, 0.40, 0.41, 0.26, 0.35, 0.44, 0.40, 0.37, 0.36, 0.36, 0.40, 0.39, 0.33, 0.40, 

19:21:28 --> 0.41, 0.39, 0.43, 0.42, 0.24, 0.41, 0.35, 0.32, 0.41, 0.42, 0.47, 0.44, 0.43, 0.43, 0.39, 0.43, 0.41, 0.41, 0.40, 0.45, 0.44, 0.43, 0.43, 0.30, 0.41, 0.35, 0.46, 0.36, 0.39, 0.44, 0.33, 0.43, 0.25, 0.44, 0.25, 0.36, 0.42, 0.32, 0.35, 0.36, 0.36, 0.33, 0.32, 0.37, 0.34, 0.40, 0.43, 0.39, 0.41, 0.42, 0.36, 0.31, 0.42, 0.43, 0.44, 0.40, 0.35, 0.40, 0.43, 

19:22:30 --> 0.29, 0.42, 0.39, 0.33, 0.40, 0.32, 0.39, 0.42, 0.39, 0.41, 0.41, 0.46, 0.33, 0.43, 0.33, 0.41, 0.39, 0.44, 0.44, 0.35, 0.39, 0.43, 0.40, 0.39, 0.40, 0.41, 0.28, 0.40, 0.44, 0.36, 0.39, 0.34, 0.40, 0.44, 0.43, 0.43, 0.34, 0.36, 0.40, 0.30, 0.37, 0.41, 0.40, 0.43, 0.45, 0.42, 0.43, 0.42, 0.44, 0.37, 0.35, 0.36, 0.36, 0.43, 0.41, 0.44, 0.41, 0.43, 0.34, 

19:23:32 --> 0.30, 0.42, 0.42, 0.37, 0.43, 0.37, 0.32, 0.31, 0.35, 0.44, 0.34, 0.36, 0.42, 0.33, 0.45, 0.42, 0.36, 0.46, 0.39, 0.40, 0.31, 0.35, 0.33, 0.41, 0.35, 0.32, 0.40, 0.37, 0.43, 0.42, 0.43, 0.43, 0.28, 0.36, 0.43, 0.43, 0.34, 0.42, 0.40, 0.45, 0.39, 0.42, 0.41, 0.41, 0.41, 0.42, 0.42, 0.35, 0.30, 0.37, 0.33, 0.43, 0.42, 0.41, 0.42, 0.37, 0.30, 0.43, 0.40, 

19:24:34 --> 0.35, 0.35, 0.41, 0.40, 0.37, 0.43, 0.41, 0.39, 0.42, 0.44, 0.41, 0.42, 0.43, 0.33, 0.42, 0.36, 0.36, 0.39, 0.43, 0.34, 0.44, 0.42, 0.41, 0.45, 0.27, 0.42, 0.45, 0.35, 0.39, 0.46, 0.40, 0.37, 0.41, 0.33, 0.35, 0.34, 0.32, 0.28, 0.40, 0.37, 0.40, 0.39, 0.34, 0.41, 0.34, 0.41, 0.36, 0.37, 0.36, 0.37, 0.36, 0.37, 0.39, 0.42, 0.32, 0.34, 0.40, 0.42, 0.41, 

19:25:36 --> 0.41, 0.40, 0.35, 0.40, 0.35, 0.36, 0.40, 0.43, 0.39, 0.42, 0.42, 0.40, 0.44, 0.35, 0.33, 0.33, 0.39, 0.43, 0.36, 0.37, 0.44, 0.36, 0.44, 0.46, 0.37, 0.43, 0.43, 0.41, 0.40, 0.40, 0.40, 0.37, 0.36, 0.43, 0.32, 0.39, 0.33, 0.32, 0.42, 0.36, 0.34, 0.40, 0.40, 0.40, 0.32, 0.43, 0.29, 0.34, 0.42, 0.42, 0.36, 0.42, 0.37, 0.34, 0.35, 0.40, 0.42, 0.41, 0.34, 

19:26:38 --> 0.36, 0.42, 0.40, 0.33, 0.42, 0.41, 0.42, 0.36, 0.33, 0.44, 0.34, 0.42, 0.41, 0.41, 0.41, 0.42, 0.45, 0.40, 0.34, 0.34, 0.44, 0.42, 0.37, 0.43, 0.39, 0.33, 0.42, 0.42, 0.43, 0.39, 0.34, 0.31, 0.36, 0.36, 0.40, 0.40, 0.40, 0.39, 0.35, 0.42, 0.30, 0.44, 0.41, 0.33, 0.41, 0.44, 0.37, 0.42, 0.42, 0.43, 0.35, 0.28, 0.35, 0.42, 0.42, 0.43, 0.34, 0.40, 0.30, 

19:27:40 --> 0.43, 0.35, 0.43, 0.43, 0.35, 0.43, 0.39, 0.37, 0.41, 0.32, 0.44, 0.39, 0.37, 0.44, 0.40, 0.32, 0.43, 0.35, 0.34, 0.41, 0.41, 0.33, 0.34, 0.26, 0.34, 0.41, 0.42, 0.36, 0.41, 0.41, 0.44, 0.37, 0.36, 0.35, 0.24, 0.39, 0.32, 0.37, 0.39, 0.40, 0.30, 0.33, 0.42, 0.36, 0.40, 0.43, 0.44, 0.44, 0.42, 0.42, 0.41, 0.30, 0.45, 0.35, 0.39, 0.36, 0.42, 0.33, 0.29, 

19:28:42 --> 0.42, 0.34, 0.41, 0.44, 0.40, 0.41, 0.37, 0.46, 0.45, 0.43, 0.36, 0.41, 0.45, 0.40, 0.32, 0.39, 0.36, 0.42, 0.43, 0.43, 0.44, 0.44, 0.35, 0.34, 0.35, 0.40, 0.34, 0.42, 0.40, 0.32, 0.40, 0.43, 0.41, 0.37, 0.46, 0.40, 0.42, 0.43, 0.43, 0.42, 0.41, 0.30, 0.42, 0.42, 0.43, 0.35, 0.43, 0.36, 0.30, 0.33, 0.31, 0.44, 0.41, 0.37, 0.41, 0.35, 0.34, 0.45, 0.40, 

19:29:44 --> 0.40, 0.40, 0.40, 0.44, 0.32, 0.43, 0.34, 0.39, 0.33, 0.40, 0.44, 0.33, 0.44, 0.44, 0.44, 0.42, 0.42, 0.43, 0.41, 0.35, 0.44, 0.43, 0.43, 0.33, 0.41, 0.44, 0.32, 0.40, 0.36, 0.36, 0.30, 0.43, 0.42, 0.42, 0.45, 0.36, 0.32, 0.41, 0.34, 0.40, 0.34, 0.34, 0.41, 0.37, 0.36, 0.36, 0.42, 0.43, 0.39, 0.33, 0.39, 0.36, 0.41, 0.35, 0.39, 0.32, 0.35, 0.41, 0.41, 

19:30:46 --> 0.37, 0.43, 0.39, 0.43, 0.40, 0.41, 0.43, 0.43, 0.42, 0.43, 0.34, 0.43, 0.46, 0.43, 0.45, 0.37, 0.42, 0.43, 0.43, 0.40, 0.35, 0.42, 0.31, 0.29, 0.42, 0.42, 0.40, 0.42, 0.36, 0.36, 0.37, 0.40, 0.44, 0.42, 0.43, 0.37, 0.43, 0.32, 0.34, 0.42, 0.36, 0.37, 0.41, 0.41, 0.43, 0.40, 0.42, 0.37, 0.32, 0.43, 0.43, 0.42, 0.40, 0.45, 0.40, 0.41, 0.33, 0.40, 0.33, 

19:31:48 --> 0.40, 0.42, 0.42, 0.37, 0.37, 0.42, 0.40, 0.40, 0.43, 0.40, 0.35, 0.34, 0.43, 0.40, 0.44, 0.41, 0.41, 0.45, 0.42, 0.43, 0.42, 0.33, 0.40, 0.44, 0.40, 0.36, 0.28, 0.44, 0.36, 0.35, 0.40, 0.35, 0.44, 0.37, 0.41, 0.40, 0.33, 0.36, 0.40, 0.42, 0.44, 0.45, 0.41, 0.35, 0.45, 0.42, 0.43, 0.42, 0.40, 0.35, 0.46, 0.45, 0.41, 0.36, 0.40, 0.42, 0.37, 0.39, 0.35, 

19:32:50 --> 0.42, 0.42, 0.41, 0.37, 0.43, 0.40, 0.37, 0.37, 0.44, 0.44, 0.44, 0.42, 0.42, 0.41, 0.36, 0.26, 0.37, 0.39, 0.41, 0.35, 0.31, 0.39, 0.40, 0.44, 0.41, 0.37, 0.35, 0.44, 0.43, 0.43, 0.41, 0.34, 0.45, 0.43, 0.42, 0.34, 0.34, 0.43, 0.42, 0.41, 0.40, 0.43, 0.40, 0.42, 0.43, 0.41, 0.36, 0.35, 0.42, 0.35, 0.42, 0.36, 0.34, 0.43, 0.42, 0.32, 0.44, 0.40, 0.40, 

19:33:52 --> 0.41, 0.33, 0.45, 0.43, 0.42, 0.33, 0.39, 0.42, 0.36, 0.45, 0.33, 0.40, 0.34, 0.37, 0.39, 0.44, 0.36, 0.40, 0.43, 0.40, 0.40, 0.39, 0.35, 0.43, 0.39, 0.43, 0.42, 0.41, 0.33, 0.39, 0.42, 0.43, 0.42, 0.33, 0.32, 0.41, 0.41, 0.35, 0.41, 0.35, 0.40, 0.40, 0.39, 0.36, 0.45, 0.44, 0.34, 0.27, 0.37, 0.32, 0.40, 0.33, 0.41, 0.35, 0.41, 0.40, 0.44, 0.44, 0.34, 

19:34:53 --> 0.29, 0.33, 0.30, 0.35, 0.39, 0.42, 0.39, 0.36, 0.40, 0.35, 0.40, 0.42, 0.39, 0.37, 0.41, 0.36, 0.40, 0.36, 0.33, 0.32, 0.43, 0.32, 0.43, 0.34, 0.42, 0.42, 0.43, 0.40, 0.41, 0.34, 0.33, 0.43, 0.41, 0.43, 0.45, 0.42, 0.41, 0.35, 0.45, 0.34, 0.36, 0.42, 0.40, 0.41, 0.40, 0.34, 0.41, 0.37, 0.41, 0.36, 0.33, 0.30, 0.31, 0.41, 0.31, 0.41, 0.35, 0.41, 0.35, 

19:35:55 --> 0.37, 0.37, 0.39, 0.41, 0.37, 0.39, 0.43, 0.45, 0.45, 0.39, 0.39, 0.34, 0.37, 0.31, 0.41, 0.46, 0.39, 0.42, 0.42, 0.45, 0.44, 0.33, 0.41, 0.41, 0.37, 0.37, 0.41, 0.44, 0.43, 0.41, 0.42, 0.41, 0.27, 0.37, 0.33, 0.44, 0.33, 0.41, 0.40, 0.43, 0.36, 0.45, 0.39, 0.41, 0.41, 0.40, 0.43, 0.42, 0.37, 0.34, 0.41, 0.34, 0.40, 0.27, 0.41, 