
17:34:28 --> 5.00, 5.00, 5.00, 5.00, 5.00, 5.00, 5.00, 5.00, 5.00, 5.00, 5.00, 5.00, 5.00, 5.00, 5.00, 5.00, 5.00, 5.00, 5.00, 5.00, 5.00, 5.00, 5.00, 5.00, 5.00, 5.00, 5.00, 5.00, 5.00, 5.00, 5.00, 5.00, 5.00, 5.00, 5.00, 5.00, 5.00, 5.00, 5.00, 5.00, 5.00, 5.00, 5.00, 5.00, 5.00, 5.00, 5.00, 5.00, 5.00, 5.00, 5.00, 5.00, 5.00, 6.00, 6.00, 6.00, 6.00, 6.00, 6.00, 

17:35:29 --> 6.00, 6.00, 6.00, 6.00, 6.00, 6.00, 6.00, 6.00, 6.00, 6.00, 6.00, 6.00, 6.00, 6.00, 6.00, 6.00, 6.00, 6.00, 6.00, 6.00, 6.00, 6.00, 6.00, 6.00, 6.00, 6.00, 6.00, 6.00, 6.00, 6.00, 6.00, 6.00, 6.00, 6.00, 6.00, 6.00, 6.00, 6.00, 6.00, 6.00, 6.00, 6.00, 6.00, 6.00, 6.00, 6.00, 6.00, 6.00, 6.00, 6.00, 6.00, 6.00, 6.00, 6.00, 6.00, 6.00, 6.00, 6.00, 6.00, 

17:36:31 --> 6.00, 6.00, 6.00, 6.00, 6.00, 6.00, 6.00, 6.00, 6.00, 6.00, 6.00, 6.00, 6.00, 6.00, 6.00, 6.00, 6.00, 6.00, 6.00, 6.00, 6.00, 6.00, 6.00, 6.00, 6.00, 6.00, 6.00, 6.00, 6.00, 6.00, 6.00, 6.00, 6.00, 6.00, 6.00, 6.00, 6.00, 6.00, 6.00, 6.00, 6.00, 6.00, 6.00, 6.00, 6.00, 6.00, 6.00, 6.00, 6.00, 6.00, 6.00, 6.00, 6.00, 6.00, 6.00, 6.00, 6.00, 6.00, 6.00, 

17:37:33 --> 6.00, 6.00, 6.00, 6.00, 6.00, 6.00, 6.00, 6.00, 6.00, 6.00, 6.00, 6.00, 6.00, 6.00, 6.00, 6.00, 6.00, 6.00, 6.00, 6.00, 6.00, 6.00, 6.00, 6.00, 6.00, 6.00, 6.00, 6.00, 6.00, 6.00, 6.00, 6.00, 6.00, 6.00, 6.00, 6.00, 6.00, 6.00, 6.00, 6.00, 6.00, 6.00, 6.00, 6.00, 6.00, 6.00, 6.00, 6.00, 6.00, 6.00, 6.00, 6.00, 6.00, 6.00, 6.00, 6.00, 6.00, 6.00, 6.00, 

17:38:35 --> 6.00, 6.00, 6.00, 6.00, 6.00, 6.00, 6.00, 6.00, 6.00, 6.00, 6.00, 6.00, 6.00, 6.00, 6.00, 6.00, 6.00, 6.00, 6.00, 6.00, 6.00, 6.00, 6.00, 6.00, 6.00, 6.00, 6.00, 6.00, 6.00, 6.00, 6.00, 6.00, 6.00, 6.00, 6.00, 6.00, 6.00, 6.00, 6.00, 6.00, 6.00, 6.00, 6.00, 6.00, 6.00, 6.00, 6.00, 6.00, 6.00, 6.00, 6.00, 6.00, 6.00, 6.00, 6.00, 6.00, 6.00, 6.00, 6.00, 

17:39:36 --> 6.00, 6.00, 6.00, 6.00, 6.00, 6.00, 6.00, 6.00, 6.00, 6.00, 6.00, 6.00, 6.00, 6.00, 6.00, 6.00, 6.00, 6.00, 6.00, 6.00, 6.00, 6.00, 6.00, 6.00, 6.00, 6.00, 6.00, 6.00, 6.00, 6.00, 6.00, 6.00, 6.00, 6.00, 6.00, 6.00, 6.00, 6.00, 6.00, 6.00, 6.00, 6.00, 6.00, 6.00, 6.00, 6.00, 6.00, 6.00, 6.00, 6.00, 6.00, 6.00, 6.00, 6.00, 6.00, 6.00, 6.00, 6.00, 6.00, 

17:40:38 --> 6.00, 6.00, 6.00, 6.00, 6.00, 6.00, 6.00, 6.00, 6.00, 6.00, 6.00, 6.00, 6.00, 6.00, 6.00, 6.00, 6.00, 6.00, 6.00, 6.00, 6.00, 6.00, 6.00, 6.00, 6.00, 6.00, 6.00, 6.00, 6.00, 6.00, 6.00, 6.00, 6.00, 6.00, 6.00, 6.00, 6.00, 6.00, 6.00, 6.00, 6.00, 6.00, 6.00, 6.00, 6.00, 6.00, 6.00, 6.00, 6.00, 6.00, 6.00, 6.00, 6.00, 6.00, 6.00, 6.00, 6.00, 6.00, 6.00, 

17:41:40 --> 6.00, 6.00, 6.00, 6.00, 6.00, 6.00, 6.00, 6.00, 6.00, 6.00, 6.00, 6.00, 6.00, 6.00, 6.00, 6.00, 6.00, 6.00, 6.00, 6.00, 6.00, 6.00, 6.00, 6.00, 6.00, 6.00, 6.00, 6.00, 6.00, 6.00, 6.00, 6.00, 6.00, 6.00, 6.00, 6.00, 6.00, 6.00, 6.00, 6.00, 6.00, 6.00, 6.00, 6.00, 6.00, 6.00, 6.00, 6.00, 6.00, 6.00, 6.00, 6.00, 6.00, 6.00, 6.00, 6.00, 6.00, 6.00, 6.00, 

17:42:41 --> 6.00, 6.00, 6.00, 6.00, 6.00, 6.00, 6.00, 6.00, 6.00, 6.00, 6.00, 6.00, 6.00, 6.00, 6.00, 6.00, 6.00, 6.00, 6.00, 6.00, 6.00, 6.00, 6.00, 6.00, 6.00, 6.00, 6.00, 6.00, 6.00, 6.00, 6.00, 6.00, 6.00, 6.00, 6.00, 6.00, 6.00, 6.00, 6.00, 6.00, 6.00, 6.00, 6.00, 6.00, 6.00, 6.00, 6.00, 6.00, 6.00, 6.00, 6.00, 6.00, 6.00, 6.00, 6.00, 6.00, 6.00, 6.00, 6.00, 

17:43:43 --> 6.00, 6.00, 6.00, 6.00, 6.00, 6.00, 6.00, 6.00, 6.00, 6.00, 6.00, 6.00, 6.00, 6.00, 6.00, 6.00, 6.00, 6.00, 6.00, 6.00, 6.00, 6.00, 6.00, 6.00, 6.00, 6.00, 6.00, 6.00, 6.00, 6.00, 6.00, 6.00, 6.00, 6.00, 6.00, 6.00, 6.00, 6.00, 6.00, 6.00, 6.00, 6.00, 6.00, 6.00, 6.00, 6.00, 6.00, 6.00, 6.00, 6.00, 6.00, 6.00, 6.00, 6.00, 6.00, 6.00, 6.00, 6.00, 6.00, 

17:44:45 --> 6.00, 6.00, 6.00, 6.00, 6.00, 6.00, 6.00, 6.00, 6.00, 6.00, 6.00, 6.00, 6.00, 6.00, 6.00, 6.00, 6.00, 6.00, 6.00, 6.00, 6.00, 6.00, 6.00, 6.00, 6.00, 6.00, 6.00, 6.00, 6.00, 6.00, 6.00, 6.00, 6.00, 6.00, 6.00, 6.00, 6.00, 6.00, 6.00, 6.00, 6.00, 6.00, 6.00, 6.00, 6.00, 6.00, 6.00, 6.00, 6.00, 6.00, 6.00, 6.00, 6.00, 6.00, 6.00, 6.00, 6.00, 6.00, 6.00, 

17:45:47 --> 6.00, 6.00, 6.00, 6.00, 6.00, 6.00, 6.00, 6.00, 6.00, 6.00, 6.00, 6.00, 6.00, 6.00, 6.00, 6.00, 6.00, 6.00, 6.00, 6.00, 6.00, 6.00, 6.00, 6.00, 6.00, 6.00, 6.00, 6.00, 6.00, 6.00, 6.00, 6.00, 6.00, 6.00, 6.00, 6.00, 6.00, 6.00, 6.00, 6.00, 6.00, 6.00, 6.00, 6.00, 6.00, 6.00, 6.00, 6.00, 6.00, 6.00, 6.00, 6.00, 6.00, 6.00, 6.00, 6.00, 6.00, 6.00, 6.00, 

17:46:48 --> 6.00, 6.00, 6.00, 6.00, 6.00, 6.00, 6.00, 6.00, 6.00, 6.00, 6.00, 6.00, 6.00, 6.00, 6.00, 6.00, 6.00, 6.00, 6.00, 6.00, 6.00, 6.00, 6.00, 6.00, 6.00, 6.00, 6.00, 6.00, 6.00, 6.00, 6.00, 6.00, 6.00, 6.00, 6.00, 6.00, 6.00, 6.00, 6.00, 6.00, 6.00, 6.00, 6.00, 6.00, 6.00, 6.00, 6.00, 6.00, 6.00, 6.00, 6.00, 6.00, 6.00, 6.00, 6.00, 6.00, 6.00, 6.00, 6.00, 

17:47:50 --> 6.00, 6.00, 6.00, 6.00, 6.00, 6.00, 6.00, 6.00, 6.00, 6.00, 6.00, 6.00, 6.00, 6.00, 6.00, 6.00, 6.00, 6.00, 6.00, 6.00, 6.00, 6.00, 6.00, 6.00, 6.00, 6.00, 6.00, 6.00, 6.00, 6.00, 6.00, 6.00, 6.00, 6.00, 6.00, 6.00, 6.00, 6.00, 6.00, 6.00, 6.00, 6.00, 6.00, 6.00, 6.00, 6.00, 6.00, 6.00, 6.00, 6.00, 6.00, 6.00, 6.00, 6.00, 6.00, 6.00, 6.00, 6.00, 6.00, 

17:48:52 --> 6.00, 6.00, 6.00, 6.00, 6.00, 6.00, 6.00, 6.00, 6.00, 6.00, 6.00, 6.00, 6.00, 6.00, 6.00, 6.00, 6.00, 6.00, 6.00, 6.00, 6.00, 6.00, 6.00, 6.00, 6.00, 6.00, 6.00, 6.00, 6.00, 6.00, 6.00, 6.00, 6.00, 6.00, 6.00, 6.00, 6.00, 6.00, 6.00, 6.00, 6.00, 6.00, 6.00, 6.00, 6.00, 6.00, 6.00, 6.00, 6.00, 6.00, 6.00, 6.00, 6.00, 6.00, 6.00, 6.00, 6.00, 6.00, 6.00, 

17:49:54 --> 6.00, 6.00, 6.00, 6.00, 6.00, 6.00, 6.00, 6.00, 6.00, 6.00, 6.00, 6.00, 6.00, 6.00, 6.00, 6.00, 6.00, 6.00, 6.00, 6.00, 6.00, 6.00, 6.00, 6.00, 6.00, 6.00, 6.00, 6.00, 6.00, 6.00, 6.00, 6.00, 6.00, 6.00, 6.00, 6.00, 6.00, 6.00, 6.00, 6.00, 6.00, 6.00, 6.00, 6.00, 6.00, 6.00, 6.00, 6.00, 6.00, 6.00, 6.00, 6.00, 6.00, 6.00, 6.00, 6.00, 6.00, 6.00, 6.00, 

17:50:56 --> 6.00, 6.00, 6.00, 6.00, 6.00, 6.00, 6.00, 6.00, 6.00, 6.00, 6.00, 6.00, 6.00, 6.00, 6.00, 6.00, 6.00, 6.00, 6.00, 6.00, 6.00, 6.00, 6.00, 6.00, 6.00, 6.00, 6.00, 6.00, 6.00, 6.00, 6.00, 6.00, 6.00, 6.00, 6.00, 6.00, 6.00, 6.00, 6.00, 6.00, 6.00, 6.00, 6.00, 6.00, 6.00, 6.00, 6.00, 6.00, 6.00, 6.00, 6.00, 6.00, 6.00, 6.00, 6.00, 6.00, 6.00, 6.00, 6.00, 

17:51:57 --> 6.00, 6.00, 6.00, 6.00, 6.00, 6.00, 6.00, 6.00, 6.00, 6.00, 6.00, 6.00, 6.00, 6.00, 6.00, 6.00, 6.00, 6.00, 6.00, 6.00, 6.00, 6.00, 6.00, 6.00, 6.00, 6.00, 6.00, 6.00, 6.00, 6.00, 6.00, 6.00, 6.00, 6.00, 6.00, 6.00, 6.00, 6.00, 6.00, 6.00, 6.00, 6.00, 6.00, 6.00, 6.00, 6.00, 6.00, 6.00, 6.00, 6.00, 6.00, 6.00, 6.00, 6.00, 6.00, 6.00, 6.00, 6.00, 6.00, 

17:52:59 --> 6.00, 6.00, 6.00, 6.00, 6.00, 6.00, 6.00, 6.00, 6.00, 6.00, 6.00, 6.00, 6.00, 6.00, 6.00, 6.00, 6.00, 6.00, 6.00, 6.00, 6.00, 6.00, 6.00, 6.00, 6.00, 6.00, 6.00, 6.00, 6.00, 6.00, 6.00, 6.00, 6.00, 6.00, 6.00, 6.00, 6.00, 6.00, 6.00, 6.00, 6.00, 6.00, 6.00, 6.00, 6.00, 6.00, 6.00, 6.00, 6.00, 6.00, 6.00, 6.00, 6.00, 6.00, 6.00, 6.00, 6.00, 6.00, 6.00, 

17:54:01 --> 6.00, 6.00, 6.00, 6.00, 6.00, 6.00, 6.00, 6.00, 6.00, 6.00, 6.00, 6.00, 6.00, 6.00, 6.00, 6.00, 6.00, 6.00, 6.00, 6.00, 6.00, 6.00, 6.00, 6.00, 6.00, 6.00, 6.00, 6.00, 6.00, 6.00, 6.00, 6.00, 6.00, 6.00, 6.00, 6.00, 6.00, 6.00, 6.00, 6.00, 6.00, 6.00, 6.00, 6.00, 6.00, 6.00, 6.00, 6.00, 6.00, 6.00, 6.00, 6.00, 6.00, 6.00, 6.00, 6.00, 6.00, 6.00, 6.00, 

17:55:02 --> 6.00, 6.00, 6.00, 6.00, 6.00, 6.00, 6.00, 6.00, 6.00, 6.00, 6.00, 6.00, 6.00, 6.00, 6.00, 6.00, 6.00, 6.00, 6.00, 6.00, 6.00, 6.00, 6.00, 6.00, 6.00, 6.00, 6.00, 6.00, 6.00, 6.00, 6.00, 6.00, 6.00, 6.00, 6.00, 6.00, 6.00, 6.00, 6.00, 6.00, 6.00, 6.00, 6.00, 6.00, 6.00, 6.00, 6.00, 6.00, 6.00, 6.00, 6.00, 6.00, 6.00, 6.00, 6.00, 6.00, 6.00, 6.00, 6.00, 

17:56:04 --> 6.00, 6.00, 6.00, 6.00, 6.00, 6.00, 6.00, 6.00, 6.00, 6.00, 6.00, 6.00, 6.00, 6.00, 6.00, 6.00, 6.00, 6.00, 6.00, 6.00, 6.00, 6.00, 6.00, 6.00, 6.00, 6.00, 6.00, 6.00, 6.00, 6.00, 6.00, 6.00, 6.00, 6.00, 6.00, 6.00, 6.00, 6.00, 6.00, 6.00, 6.00, 6.00, 6.00, 6.00, 6.00, 6.00, 6.00, 6.00, 6.00, 6.00, 6.00, 6.00, 6.00, 6.00, 6.00, 6.00, 6.00, 6.00, 6.00, 

17:57:05 --> 6.00, 6.00, 6.00, 6.00, 6.00, 6.00, 6.00, 6.00, 6.00, 6.00, 6.00, 6.00, 6.00, 6.00, 6.00, 6.00, 6.00, 6.00, 6.00, 6.00, 6.00, 6.00, 6.00, 6.00, 6.00, 6.00, 6.00, 6.00, 6.00, 6.00, 6.00, 6.00, 6.00, 6.00, 6.00, 6.00, 6.00, 6.00, 6.00, 6.00, 6.00, 6.00, 6.00, 6.00, 6.00, 6.00, 6.00, 6.00, 6.00, 6.00, 6.00, 6.00, 6.00, 6.00, 6.00, 6.00, 6.00, 6.00, 6.00, 

17:58:07 --> 6.00, 6.00, 6.00, 6.00, 6.00, 6.00, 6.00, 6.00, 6.00, 6.00, 6.00, 6.00, 6.00, 6.00, 6.00, 6.00, 6.00, 6.00, 6.00, 6.00, 6.00, 6.00, 6.00, 6.00, 6.00, 6.00, 6.00, 6.00, 6.00, 6.00, 6.00, 6.00, 6.00, 6.00, 6.00, 6.00, 6.00, 6.00, 6.00, 6.00, 6.00, 6.00, 6.00, 6.00, 6.00, 6.00, 6.00, 6.00, 6.00, 6.00, 6.00, 6.00, 6.00, 6.00, 6.00, 6.00, 6.00, 6.00, 6.00, 

17:59:09 --> 6.00, 6.00, 6.00, 6.00, 6.00, 6.00, 6.00, 6.00, 6.00, 6.00, 6.00, 6.00, 6.00, 6.00, 6.00, 6.00, 6.00, 6.00, 6.00, 6.00, 6.00, 6.00, 6.00, 6.00, 6.00, 6.00, 6.00, 6.00, 6.00, 6.00, 6.00, 6.00, 6.00, 6.00, 6.00, 6.00, 6.00, 6.00, 6.00, 6.00, 6.00, 6.00, 6.00, 6.00, 6.00, 6.00, 6.00, 6.00, 6.00, 6.00, 6.00, 6.00, 6.00, 6.00, 6.00, 6.00, 6.00, 6.00, 6.00, 

18:00:11 --> 6.00, 6.00, 6.00, 6.00, 6.00, 6.00, 6.00, 6.00, 6.00, 6.00, 6.00, 6.00, 6.00, 6.00, 6.00, 6.00, 6.00, 6.00, 6.00, 6.00, 6.00, 6.00, 6.00, 6.00, 6.00, 6.00, 6.00, 6.00, 6.00, 6.00, 6.00, 6.00, 6.00, 6.00, 6.00, 6.00, 6.00, 6.00, 6.00, 6.00, 6.00, 6.00, 6.00, 6.00, 6.00, 6.00, 6.00, 6.00, 6.00, 6.00, 6.00, 6.00, 6.00, 6.00, 6.00, 6.00, 6.00, 6.00, 6.00, 

18:01:12 --> 6.00, 6.00, 6.00, 6.00, 6.00, 6.00, 6.00, 6.00, 6.00, 6.00, 6.00, 6.00, 6.00, 6.00, 6.00, 6.00, 6.00, 6.00, 6.00, 6.00, 6.00, 6.00, 6.00, 6.00, 6.00, 6.00, 6.00, 6.00, 6.00, 6.00, 6.00, 6.00, 6.00, 6.00, 6.00, 6.00, 6.00, 6.00, 6.00, 6.00, 6.00, 6.00, 6.00, 6.00, 6.00, 6.00, 6.00, 6.00, 6.00, 6.00, 6.00, 6.00, 6.00, 6.00, 6.00, 6.00, 6.00, 6.00, 6.00, 

18:02:14 --> 6.00, 6.00, 6.00, 6.00, 6.00, 6.00, 6.00, 6.00, 6.00, 6.00, 6.00, 6.00, 6.00, 6.00, 6.00, 6.00, 6.00, 6.00, 6.00, 6.00, 6.00, 6.00, 6.00, 6.00, 6.00, 6.00, 6.00, 6.00, 6.00, 6.00, 6.00, 6.00, 6.00, 6.00, 6.00, 6.00, 6.00, 6.00, 6.00, 6.00, 6.00, 6.00, 6.00, 6.00, 6.00, 6.00, 6.00, 6.00, 6.00, 6.00, 6.00, 6.00, 6.00, 6.00, 6.00, 6.00, 6.00, 6.00, 6.00, 

18:03:16 --> 6.00, 6.00, 6.00, 6.00, 6.00, 6.00, 6.00, 6.00, 6.00, 6.00, 6.00, 6.00, 6.00, 6.00, 6.00, 6.00, 6.00, 6.00, 6.00, 6.00, 6.00, 6.00, 6.00, 6.00, 6.00, 6.00, 6.00, 6.00, 6.00, 6.00, 6.00, 6.00, 6.00, 6.00, 6.00, 6.00, 6.00, 6.00, 6.00, 6.00, 6.00, 6.00, 6.00, 6.00, 6.00, 6.00, 6.00, 6.00, 6.00, 6.00, 6.00, 6.00, 6.00, 6.00, 6.00, 6.00, 6.00, 6.00, 6.00, 

18:04:17 --> 6.00, 6.00, 6.00, 6.00, 6.00, 6.00, 6.00, 6.00, 6.00, 6.00, 6.00, 6.00, 6.00, 6.00, 6.00, 6.00, 6.00, 6.00, 6.00, 6.00, 6.00, 6.00, 6.00, 6.00, 6.00, 6.00, 6.00, 6.00, 6.00, 6.00, 6.00, 6.00, 6.00, 6.00, 6.00, 6.00, 6.00, 6.00, 6.00, 6.00, 6.00, 6.00, 6.00, 6.00, 6.00, 6.00, 6.00, 6.00, 6.00, 6.00, 6.00, 6.00, 6.00, 6.00, 6.00, 6.00, 6.00, 6.00, 6.00, 

18:05:19 --> 6.00, 6.00, 6.00, 6.00, 6.00, 6.00, 6.00, 6.00, 6.00, 6.00, 6.00, 6.00, 6.00, 6.00, 6.00, 6.00, 6.00, 6.00, 6.00, 6.00, 6.00, 6.00, 6.00, 6.00, 6.00, 6.00, 6.00, 6.00, 6.00, 6.00, 6.00, 6.00, 6.00, 6.00, 6.00, 6.00, 6.00, 6.00, 6.00, 6.00, 6.00, 6.00, 6.00, 6.00, 6.00, 6.00, 6.00, 6.00, 6.00, 6.00, 6.00, 6.00, 6.00, 6.00, 6.00, 6.00, 6.00, 6.00, 6.00, 

18:06:21 --> 6.00, 6.00, 6.00, 6.00, 6.00, 6.00, 6.00, 6.00, 6.00, 6.00, 6.00, 6.00, 6.00, 6.00, 6.00, 6.00, 6.00, 6.00, 6.00, 6.00, 6.00, 6.00, 6.00, 6.00, 6.00, 6.00, 6.00, 6.00, 6.00, 6.00, 6.00, 6.00, 6.00, 6.00, 6.00, 6.00, 6.00, 6.00, 6.00, 6.00, 6.00, 6.00, 6.00, 6.00, 6.00, 6.00, 6.00, 6.00, 6.00, 6.00, 6.00, 6.00, 6.00, 6.00, 6.00, 6.00, 6.00, 6.00, 6.00, 

18:07:22 --> 6.00, 6.00, 6.00, 6.00, 6.00, 6.00, 6.00, 6.00, 6.00, 6.00, 6.00, 6.00, 6.00, 6.00, 6.00, 6.00, 6.00, 6.00, 6.00, 6.00, 6.00, 6.00, 6.00, 6.00, 6.00, 6.00, 6.00, 6.00, 6.00, 6.00, 6.00, 6.00, 6.00, 6.00, 6.00, 6.00, 6.00, 6.00, 6.00, 6.00, 6.00, 6.00, 6.00, 6.00, 6.00, 6.00, 6.00, 6.00, 6.00, 6.00, 6.00, 6.00, 6.00, 6.00, 6.00, 6.00, 6.00, 6.00, 6.00, 

18:08:24 --> 6.00, 6.00, 6.00, 6.00, 6.00, 6.00, 6.00, 6.00, 6.00, 6.00, 6.00, 6.00, 6.00, 6.00, 6.00, 6.00, 6.00, 6.00, 6.00, 6.00, 6.00, 6.00, 6.00, 6.00, 6.00, 6.00, 6.00, 6.00, 6.00, 6.00, 6.00, 6.00, 6.00, 6.00, 6.00, 6.00, 6.00, 6.00, 6.00, 6.00, 6.00, 6.00, 6.00, 6.00, 6.00, 6.00, 6.00, 6.00, 6.00, 6.00, 6.00, 6.00, 6.00, 6.00, 6.00, 6.00, 6.00, 6.00, 6.00, 

18:09:26 --> 6.00, 6.00, 6.00, 6.00, 6.00, 6.00, 6.00, 6.00, 6.00, 6.00, 6.00, 6.00, 6.00, 6.00, 6.00, 6.00, 6.00, 6.00, 6.00, 6.00, 6.00, 6.00, 6.00, 6.00, 6.00, 6.00, 6.00, 6.00, 6.00, 6.00, 6.00, 6.00, 6.00, 6.00, 6.00, 6.00, 6.00, 6.00, 6.00, 6.00, 6.00, 6.00, 6.00, 6.00, 6.00, 6.00, 6.00, 6.00, 6.00, 6.00, 6.00, 6.00, 6.00, 6.00, 6.00, 6.00, 6.00, 6.00, 6.00, 

18:10:27 --> 6.00, 6.00, 6.00, 6.00, 6.00, 6.00, 6.00, 6.00, 6.00, 6.00, 6.00, 6.00, 6.00, 6.00, 6.00, 6.00, 6.00, 6.00, 6.00, 6.00, 6.00, 6.00, 6.00, 6.00, 6.00, 6.00, 6.00, 6.00, 6.00, 6.00, 6.00, 6.00, 6.00, 6.00, 6.00, 6.00, 6.00, 6.00, 6.00, 6.00, 6.00, 6.00, 6.00, 6.00, 6.00, 6.00, 6.00, 6.00, 6.00, 6.00, 6.00, 6.00, 6.00, 6.00, 6.00, 6.00, 6.00, 6.00, 6.00, 

18:11:29 --> 6.00, 6.00, 6.00, 6.00, 6.00, 6.00, 6.00, 6.00, 6.00, 6.00, 6.00, 6.00, 6.00, 6.00, 6.00, 6.00, 6.00, 6.00, 6.00, 6.00, 6.00, 6.00, 6.00, 6.00, 6.00, 6.00, 6.00, 6.00, 6.00, 6.00, 6.00, 6.00, 6.00, 6.00, 6.00, 6.00, 6.00, 6.00, 6.00, 6.00, 6.00, 6.00, 6.00, 6.00, 6.00, 6.00, 6.00, 6.00, 6.00, 6.00, 6.00, 6.00, 6.00, 6.00, 6.00, 6.00, 6.00, 6.00, 6.00, 

18:12:31 --> 6.00, 6.00, 6.00, 6.00, 6.00, 6.00, 6.00, 6.00, 6.00, 6.00, 6.00, 6.00, 6.00, 6.00, 6.00, 6.00, 6.00, 6.00, 6.00, 6.00, 6.00, 6.00, 6.00, 6.00, 6.00, 6.00, 6.00, 6.00, 6.00, 6.00, 6.00, 6.00, 6.00, 6.00, 6.00, 6.00, 6.00, 6.00, 6.00, 6.00, 6.00, 6.00, 6.00, 6.00, 6.00, 6.00, 6.00, 6.00, 6.00, 6.00, 6.00, 6.00, 6.00, 6.00, 6.00, 6.00, 6.00, 6.00, 6.00, 

18:13:33 --> 6.00, 6.00, 6.00, 6.00, 6.00, 6.00, 6.00, 6.00, 6.00, 6.00, 6.00, 6.00, 6.00, 6.00, 6.00, 6.00, 6.00, 6.00, 6.00, 6.00, 6.00, 6.00, 6.00, 6.00, 6.00, 6.00, 6.00, 6.00, 6.00, 6.00, 6.00, 6.00, 6.00, 6.00, 6.00, 6.00, 6.00, 6.00, 6.00, 6.00, 6.00, 6.00, 6.00, 6.00, 6.00, 6.00, 6.00, 6.00, 6.00, 6.00, 6.00, 6.00, 6.00, 6.00, 6.00, 6.00, 6.00, 6.00, 6.00, 

18:14:34 --> 6.00, 6.00, 6.00, 6.00, 6.00, 6.00, 6.00, 6.00, 6.00, 6.00, 6.00, 6.00, 6.00, 6.00, 6.00, 6.00, 6.00, 6.00, 6.00, 6.00, 6.00, 6.00, 6.00, 6.00, 6.00, 6.00, 6.00, 6.00, 6.00, 6.00, 6.00, 6.00, 6.00, 6.00, 6.00, 6.00, 6.00, 6.00, 6.00, 6.00, 6.00, 6.00, 6.00, 6.00, 6.00, 6.00, 6.00, 6.00, 6.00, 6.00, 6.00, 6.00, 6.00, 6.00, 6.00, 6.00, 6.00, 6.00, 6.00, 

18:15:36 --> 6.00, 6.00, 6.00, 6.00, 6.00, 6.00, 6.00, 6.00, 6.00, 6.00, 6.00, 6.00, 6.00, 6.00, 6.00, 6.00, 6.00, 6.00, 6.00, 6.00, 6.00, 6.00, 6.00, 6.00, 6.00, 6.00, 6.00, 6.00, 6.00, 6.00, 6.00, 6.00, 6.00, 6.00, 6.00, 6.00, 6.00, 6.00, 6.00, 6.00, 6.00, 6.00, 6.00, 6.00, 6.00, 6.00, 6.00, 6.00, 6.00, 6.00, 6.00, 6.00, 6.00, 6.00, 6.00, 6.00, 6.00, 6.00, 6.00, 

18:16:38 --> 6.00, 6.00, 6.00, 6.00, 6.00, 6.00, 6.00, 6.00, 6.00, 6.00, 6.00, 6.00, 6.00, 6.00, 6.00, 6.00, 6.00, 6.00, 6.00, 6.00, 6.00, 6.00, 6.00, 6.00, 6.00, 6.00, 6.00, 6.00, 6.00, 6.00, 6.00, 6.00, 6.00, 6.00, 6.00, 6.00, 6.00, 6.00, 6.00, 6.00, 6.00, 6.00, 6.00, 6.00, 6.00, 6.00, 6.00, 6.00, 6.00, 6.00, 6.00, 6.00, 6.00, 6.00, 6.00, 6.00, 6.00, 6.00, 6.00, 

18:17:39 --> 6.00, 6.00, 6.00, 6.00, 6.00, 6.00, 6.00, 6.00, 6.00, 6.00, 6.00, 6.00, 6.00, 6.00, 6.00, 6.00, 6.00, 6.00, 6.00, 6.00, 6.00, 6.00, 6.00, 6.00, 6.00, 6.00, 6.00, 6.00, 6.00, 6.00, 6.00, 6.00, 6.00, 6.00, 6.00, 6.00, 6.00, 6.00, 6.00, 6.00, 6.00, 6.00, 6.00, 6.00, 6.00, 6.00, 6.00, 6.00, 6.00, 6.00, 6.00, 6.00, 6.00, 6.00, 6.00, 6.00, 6.00, 6.00, 6.00, 

18:18:41 --> 6.00, 6.00, 6.00, 6.00, 6.00, 6.00, 6.00, 6.00, 6.00, 6.00, 6.00, 6.00, 6.00, 6.00, 6.00, 6.00, 6.00, 6.00, 6.00, 6.00, 6.00, 6.00, 6.00, 6.00, 6.00, 6.00, 6.00, 6.00, 6.00, 6.00, 6.00, 6.00, 6.00, 6.00, 6.00, 6.00, 6.00, 6.00, 6.00, 6.00, 6.00, 6.00, 6.00, 6.00, 6.00, 6.00, 6.00, 6.00, 6.00, 6.00, 6.00, 6.00, 6.00, 6.00, 6.00, 6.00, 6.00, 6.00, 6.00, 

18:19:43 --> 6.00, 6.00, 6.00, 6.00, 6.00, 6.00, 6.00, 6.00, 6.00, 6.00, 6.00, 6.00, 6.00, 6.00, 6.00, 6.00, 6.00, 6.00, 6.00, 6.00, 6.00, 6.00, 6.00, 6.00, 6.00, 6.00, 6.00, 6.00, 6.00, 6.00, 6.00, 6.00, 6.00, 6.00, 6.00, 6.00, 6.00, 6.00, 6.00, 6.00, 6.00, 6.00, 6.00, 6.00, 6.00, 6.00, 6.00, 6.00, 6.00, 6.00, 6.00, 6.00, 6.00, 6.00, 6.00, 6.00, 6.00, 6.00, 6.00, 

18:20:44 --> 6.00, 6.00, 6.00, 6.00, 6.00, 6.00, 6.00, 6.00, 6.00, 6.00, 6.00, 6.00, 6.00, 6.00, 6.00, 6.00, 6.00, 6.00, 6.00, 6.00, 6.00, 6.00, 6.00, 6.00, 6.00, 6.00, 6.00, 6.00, 6.00, 6.00, 6.00, 6.00, 6.00, 6.00, 6.00, 6.00, 6.00, 6.00, 6.00, 6.00, 6.00, 6.00, 6.00, 6.00, 6.00, 6.00, 6.00, 6.00, 6.00, 6.00, 6.00, 6.00, 6.00, 6.00, 6.00, 6.00, 6.00, 6.00, 6.00, 

18:21:46 --> 6.00, 6.00, 6.00, 6.00, 6.00, 6.00, 6.00, 6.00, 6.00, 6.00, 6.00, 6.00, 6.00, 6.00, 6.00, 6.00, 6.00, 6.00, 6.00, 6.00, 6.00, 6.00, 6.00, 6.00, 6.00, 6.00, 6.00, 6.00, 6.00, 6.00, 6.00, 6.00, 6.00, 6.00, 6.00, 6.00, 6.00, 6.00, 6.00, 6.00, 6.00, 6.00, 6.00, 6.00, 6.00, 6.00, 6.00, 6.00, 6.00, 6.00, 6.00, 6.00, 6.00, 6.00, 6.00, 6.00, 6.00, 6.00, 6.00, 

18:22:48 --> 6.00, 6.00, 6.00, 6.00, 6.00, 6.00, 6.00, 6.00, 6.00, 6.00, 6.00, 6.00, 6.00, 6.00, 6.00, 6.00, 6.00, 6.00, 6.00, 6.00, 6.00, 6.00, 6.00, 6.00, 6.00, 6.00, 6.00, 6.00, 6.00, 6.00, 6.00, 6.00, 6.00, 6.00, 6.00, 6.00, 6.00, 6.00, 6.00, 6.00, 6.00, 6.00, 6.00, 6.00, 6.00, 6.00, 6.00, 6.00, 6.00, 6.00, 6.00, 6.00, 6.00, 6.00, 6.00, 6.00, 6.00, 6.00, 6.00, 

18:23:49 --> 6.00, 6.00, 6.00, 6.00, 6.00, 6.00, 6.00, 6.00, 6.00, 6.00, 6.00, 6.00, 6.00, 6.00, 6.00, 6.00, 6.00, 6.00, 6.00, 6.00, 6.00, 6.00, 6.00, 6.00, 6.00, 6.00, 6.00, 6.00, 6.00, 6.00, 6.00, 6.00, 6.00, 6.00, 6.00, 6.00, 6.00, 6.00, 6.00, 6.00, 6.00, 6.00, 6.00, 6.00, 6.00, 6.00, 6.00, 6.00, 6.00, 6.00, 6.00, 6.00, 6.00, 6.00, 6.00, 6.00, 6.00, 6.00, 6.00, 

18:24:51 --> 6.00, 6.00, 6.00, 6.00, 6.00, 6.00, 6.00, 6.00, 6.00, 6.00, 6.00, 6.00, 6.00, 6.00, 6.00, 6.00, 6.00, 6.00, 6.00, 6.00, 6.00, 6.00, 6.00, 6.00, 6.00, 6.00, 6.00, 6.00, 6.00, 6.00, 6.00, 6.00, 6.00, 6.00, 6.00, 6.00, 6.00, 6.00, 6.00, 6.00, 6.00, 6.00, 6.00, 6.00, 6.00, 6.00, 6.00, 6.00, 6.00, 6.00, 6.00, 6.00, 6.00, 6.00, 6.00, 6.00, 6.00, 6.00, 6.00, 

18:25:53 --> 6.00, 6.00, 6.00, 6.00, 6.00, 6.00, 6.00, 6.00, 6.00, 6.00, 6.00, 6.00, 6.00, 6.00, 6.00, 6.00, 6.00, 6.00, 6.00, 6.00, 6.00, 6.00, 6.00, 6.00, 6.00, 6.00, 6.00, 6.00, 6.00, 6.00, 6.00, 6.00, 6.00, 6.00, 6.00, 6.00, 6.00, 6.00, 6.00, 6.00, 6.00, 6.00, 6.00, 6.00, 6.00, 6.00, 6.00, 6.00, 6.00, 6.00, 6.00, 6.00, 6.00, 6.00, 6.00, 6.00, 6.00, 6.00, 6.00, 

18:26:54 --> 6.00, 6.00, 6.00, 6.00, 6.00, 6.00, 6.00, 6.00, 6.00, 6.00, 6.00, 6.00, 6.00, 6.00, 6.00, 6.00, 6.00, 6.00, 6.00, 6.00, 6.00, 6.00, 6.00, 6.00, 6.00, 6.00, 6.00, 6.00, 6.00, 6.00, 6.00, 6.00, 6.00, 6.00, 6.00, 6.00, 6.00, 6.00, 6.00, 6.00, 6.00, 6.00, 6.00, 6.00, 6.00, 6.00, 6.00, 6.00, 6.00, 6.00, 6.00, 6.00, 6.00, 6.00, 6.00, 6.00, 6.00, 6.00, 6.00, 

18:27:56 --> 6.00, 6.00, 6.00, 6.00, 6.00, 6.00, 6.00, 6.00, 6.00, 6.00, 6.00, 6.00, 6.00, 6.00, 6.00, 6.00, 6.00, 6.00, 6.00, 6.00, 6.00, 6.00, 6.00, 6.00, 6.00, 6.00, 6.00, 6.00, 6.00, 6.00, 6.00, 6.00, 6.00, 6.00, 6.00, 6.00, 6.00, 6.00, 6.00, 6.00, 6.00, 6.00, 6.00, 6.00, 6.00, 6.00, 6.00, 6.00, 6.00, 6.00, 6.00, 6.00, 6.00, 6.00, 6.00, 6.00, 6.00, 6.00, 6.00, 

18:28:58 --> 6.00, 6.00, 6.00, 6.00, 6.00, 6.00, 6.00, 6.00, 6.00, 6.00, 6.00, 6.00, 6.00, 6.00, 6.00, 6.00, 6.00, 6.00, 6.00, 6.00, 6.00, 6.00, 6.00, 6.00, 6.00, 6.00, 6.00, 6.00, 6.00, 6.00, 6.00, 6.00, 6.00, 6.00, 6.00, 6.00, 6.00, 6.00, 6.00, 6.00, 6.00, 6.00, 6.00, 6.00, 6.00, 6.00, 6.00, 6.00, 6.00, 6.00, 6.00, 6.00, 6.00, 6.00, 6.00, 6.00, 6.00, 6.00, 6.00, 

18:29:59 --> 6.00, 6.00, 6.00, 6.00, 6.00, 6.00, 6.00, 6.00, 6.00, 6.00, 6.00, 6.00, 6.00, 6.00, 6.00, 6.00, 6.00, 6.00, 6.00, 6.00, 6.00, 6.00, 6.00, 6.00, 6.00, 6.00, 6.00, 6.00, 6.00, 6.00, 6.00, 6.00, 6.00, 6.00, 6.00, 6.00, 6.00, 6.00, 6.00, 6.00, 6.00, 6.00, 6.00, 6.00, 6.00, 6.00, 6.00, 6.00, 6.00, 6.00, 6.00, 6.00, 6.00, 6.00, 6.00, 6.00, 6.00, 6.00, 6.00, 

18:31:01 --> 6.00, 6.00, 6.00, 6.00, 6.00, 6.00, 6.00, 6.00, 6.00, 6.00, 6.00, 6.00, 6.00, 6.00, 6.00, 6.00, 6.00, 6.00, 6.00, 6.00, 6.00, 6.00, 6.00, 6.00, 6.00, 6.00, 6.00, 6.00, 6.00, 6.00, 6.00, 6.00, 6.00, 6.00, 6.00, 6.00, 6.00, 6.00, 6.00, 6.00, 6.00, 6.00, 6.00, 6.00, 6.00, 6.00, 6.00, 6.00, 6.00, 6.00, 6.00, 6.00, 6.00, 6.00, 6.00, 6.00, 6.00, 6.00, 6.00, 

18:32:03 --> 6.00, 6.00, 6.00, 6.00, 6.00, 6.00, 6.00, 6.00, 6.00, 6.00, 6.00, 6.00, 6.00, 6.00, 6.00, 6.00, 6.00, 6.00, 6.00, 6.00, 6.00, 6.00, 6.00, 6.00, 6.00, 6.00, 6.00, 6.00, 6.00, 6.00, 6.00, 6.00, 6.00, 6.00, 6.00, 6.00, 6.00, 6.00, 6.00, 6.00, 6.00, 6.00, 6.00, 6.00, 6.00, 6.00, 6.00, 6.00, 6.00, 6.00, 6.00, 6.00, 6.00, 6.00, 6.00, 6.00, 6.00, 6.00, 6.00, 

18:33:04 --> 6.00, 6.00, 6.00, 6.00, 6.00, 6.00, 6.00, 6.00, 6.00, 6.00, 6.00, 6.00, 6.00, 6.00, 6.00, 6.00, 6.00, 6.00, 6.00, 6.00, 6.00, 6.00, 6.00, 6.00, 6.00, 6.00, 6.00, 6.00, 6.00, 6.00, 6.00, 6.00, 6.00, 6.00, 6.00, 6.00, 6.00, 6.00, 6.00, 6.00, 6.00, 6.00, 6.00, 6.00, 6.00, 6.00, 6.00, 6.00, 6.00, 6.00, 6.00, 6.00, 6.00, 6.00, 6.00, 6.00, 6.00, 6.00, 6.00, 

18:34:06 --> 6.00, 6.00, 6.00, 6.00, 6.00, 6.00, 6.00, 6.00, 6.00, 6.00, 6.00, 6.00, 6.00, 6.00, 6.00, 6.00, 6.00, 6.00, 6.00, 6.00, 6.00, 6.00, 6.00, 6.00, 6.00, 6.00, 6.00, 6.00, 6.00, 6.00, 6.00, 6.00, 6.00, 6.00, 6.00, 6.00, 6.00, 6.00, 6.00, 6.00, 6.00, 6.00, 6.00, 6.00, 6.00, 6.00, 6.00, 6.00, 6.00, 6.00, 6.00, 6.00, 6.00, 6.00, 6.00, 6.00, 6.00, 6.00, 6.00, 

18:35:08 --> 6.00, 6.00, 6.00, 6.00, 6.00, 6.00, 6.00, 6.00, 6.00, 6.00, 6.00, 6.00, 6.00, 6.00, 6.00, 6.00, 6.00, 6.00, 6.00, 6.00, 6.00, 6.00, 6.00, 6.00, 6.00, 6.00, 6.00, 6.00, 6.00, 6.00, 6.00, 6.00, 6.00, 6.00, 6.00, 6.00, 6.00, 6.00, 6.00, 6.00, 6.00, 6.00, 6.00, 6.00, 6.00, 6.00, 6.00, 6.00, 6.00, 6.00, 6.00, 6.00, 6.00, 6.00, 6.00, 6.00, 6.00, 6.00, 6.00, 

18:36:09 --> 6.00, 6.00, 6.00, 6.00, 6.00, 6.00, 6.00, 6.00, 6.00, 6.00, 6.00, 6.00, 6.00, 6.00, 6.00, 6.00, 6.00, 6.00, 6.00, 6.00, 6.00, 6.00, 6.00, 6.00, 6.00, 6.00, 6.00, 6.00, 6.00, 6.00, 6.00, 6.00, 6.00, 6.00, 6.00, 6.00, 6.00, 6.00, 6.00, 6.00, 6.00, 6.00, 6.00, 6.00, 6.00, 6.00, 6.00, 6.00, 6.00, 6.00, 6.00, 6.00, 6.00, 6.00, 6.00, 6.00, 6.00, 6.00, 6.00, 

18:37:11 --> 6.00, 6.00, 6.00, 6.00, 6.00, 6.00, 6.00, 6.00, 6.00, 6.00, 6.00, 6.00, 6.00, 6.00, 6.00, 6.00, 6.00, 6.00, 6.00, 6.00, 6.00, 6.00, 6.00, 6.00, 6.00, 6.00, 6.00, 6.00, 6.00, 6.00, 6.00, 6.00, 6.00, 6.00, 6.00, 6.00, 6.00, 6.00, 6.00, 6.00, 6.00, 6.00, 6.00, 6.00, 6.00, 6.00, 6.00, 6.00, 6.00, 6.00, 6.00, 6.00, 6.00, 6.00, 6.00, 6.00, 6.00, 6.00, 6.00, 

18:38:13 --> 6.00, 6.00, 6.00, 6.00, 6.00, 6.00, 6.00, 6.00, 6.00, 6.00, 6.00, 6.00, 6.00, 6.00, 6.00, 6.00, 6.00, 6.00, 6.00, 6.00, 6.00, 6.00, 6.00, 6.00, 6.00, 6.00, 6.00, 6.00, 6.00, 6.00, 6.00, 6.00, 6.00, 6.00, 6.00, 6.00, 6.00, 6.00, 6.00, 6.00, 6.00, 6.00, 6.00, 6.00, 6.00, 6.00, 6.00, 6.00, 6.00, 6.00, 6.00, 6.00, 6.00, 6.00, 6.00, 6.00, 6.00, 6.00, 6.00, 

18:39:14 --> 6.00, 6.00, 6.00, 6.00, 6.00, 6.00, 6.00, 6.00, 6.00, 6.00, 6.00, 6.00, 6.00, 6.00, 6.00, 6.00, 6.00, 6.00, 6.00, 6.00, 6.00, 6.00, 6.00, 6.00, 6.00, 6.00, 6.00, 6.00, 6.00, 6.00, 6.00, 6.00, 6.00, 6.00, 6.00, 6.00, 6.00, 6.00, 6.00, 6.00, 6.00, 6.00, 6.00, 6.00, 6.00, 6.00, 6.00, 6.00, 6.00, 6.00, 6.00, 6.00, 6.00, 6.00, 6.00, 6.00, 6.00, 6.00, 6.00, 

18:40:16 --> 6.00, 6.00, 6.00, 6.00, 6.00, 6.00, 6.00, 6.00, 6.00, 6.00, 6.00, 6.00, 6.00, 6.00, 6.00, 6.00, 6.00, 6.00, 6.00, 6.00, 6.00, 6.00, 6.00, 6.00, 6.00, 6.00, 6.00, 6.00, 6.00, 6.00, 6.00, 6.00, 6.00, 6.00, 6.00, 6.00, 6.00, 6.00, 6.00, 6.00, 6.00, 6.00, 6.00, 6.00, 6.00, 6.00, 6.00, 6.00, 6.00, 6.00, 6.00, 6.00, 6.00, 6.00, 6.00, 6.00, 6.00, 6.00, 6.00, 

18:41:18 --> 6.00, 6.00, 6.00, 6.00, 6.00, 6.00, 6.00, 6.00, 6.00, 6.00, 6.00, 6.00, 6.00, 6.00, 6.00, 6.00, 6.00, 6.00, 6.00, 6.00, 6.00, 6.00, 6.00, 6.00, 6.00, 6.00, 6.00, 6.00, 6.00, 6.00, 6.00, 6.00, 6.00, 6.00, 6.00, 6.00, 6.00, 6.00, 6.00, 6.00, 6.00, 6.00, 6.00, 6.00, 6.00, 6.00, 6.00, 6.00, 6.00, 6.00, 6.00, 6.00, 6.00, 6.00, 6.00, 6.00, 6.00, 6.00, 6.00, 

18:42:19 --> 6.00, 6.00, 6.00, 6.00, 6.00, 6.00, 6.00, 6.00, 6.00, 6.00, 6.00, 6.00, 6.00, 6.00, 6.00, 6.00, 6.00, 6.00, 6.00, 6.00, 6.00, 6.00, 6.00, 6.00, 6.00, 6.00, 6.00, 6.00, 6.00, 6.00, 6.00, 6.00, 6.00, 6.00, 6.00, 6.00, 6.00, 6.00, 6.00, 6.00, 6.00, 6.00, 6.00, 6.00, 6.00, 6.00, 6.00, 6.00, 6.00, 6.00, 6.00, 6.00, 6.00, 6.00, 6.00, 6.00, 6.00, 6.00, 6.00, 

18:43:21 --> 6.00, 6.00, 6.00, 6.00, 6.00, 6.00, 6.00, 6.00, 6.00, 6.00, 6.00, 6.00, 6.00, 6.00, 6.00, 6.00, 6.00, 6.00, 6.00, 6.00, 6.00, 6.00, 6.00, 6.00, 6.00, 6.00, 6.00, 6.00, 6.00, 6.00, 6.00, 6.00, 6.00, 6.00, 6.00, 6.00, 6.00, 6.00, 6.00, 6.00, 6.00, 6.00, 6.00, 6.00, 6.00, 6.00, 6.00, 6.00, 6.00, 6.00, 6.00, 6.00, 6.00, 6.00, 6.00, 6.00, 6.00, 6.00, 6.00, 

18:44:23 --> 6.00, 6.00, 6.00, 6.00, 6.00, 6.00, 6.00, 6.00, 6.00, 6.00, 6.00, 6.00, 6.00, 6.00, 6.00, 6.00, 6.00, 6.00, 6.00, 6.00, 6.00, 6.00, 6.00, 6.00, 6.00, 6.00, 6.00, 6.00, 6.00, 6.00, 6.00, 6.00, 6.00, 6.00, 6.00, 6.00, 6.00, 6.00, 6.00, 6.00, 6.00, 6.00, 6.00, 6.00, 6.00, 6.00, 6.00, 6.00, 6.00, 6.00, 6.00, 6.00, 6.00, 6.00, 6.00, 6.00, 6.00, 6.00, 6.00, 

18:45:24 --> 6.00, 6.00, 6.00, 6.00, 6.00, 6.00, 6.00, 6.00, 6.00, 6.00, 6.00, 6.00, 6.00, 6.00, 6.00, 6.00, 6.00, 6.00, 6.00, 6.00, 6.00, 6.00, 6.00, 6.00, 6.00, 6.00, 6.00, 6.00, 6.00, 6.00, 6.00, 6.00, 6.00, 6.00, 6.00, 6.00, 6.00, 6.00, 6.00, 6.00, 6.00, 6.00, 6.00, 6.00, 6.00, 6.00, 6.00, 6.00, 6.00, 6.00, 6.00, 6.00, 6.00, 6.00, 6.00, 6.00, 6.00, 6.00, 6.00, 

18:46:26 --> 6.00, 6.00, 6.00, 6.00, 6.00, 6.00, 6.00, 6.00, 6.00, 6.00, 6.00, 6.00, 6.00, 6.00, 6.00, 6.00, 6.00, 6.00, 6.00, 6.00, 6.00, 6.00, 6.00, 6.00, 6.00, 6.00, 6.00, 6.00, 6.00, 6.00, 6.00, 6.00, 6.00, 6.00, 6.00, 6.00, 6.00, 6.00, 6.00, 6.00, 6.00, 6.00, 6.00, 6.00, 6.00, 6.00, 6.00, 6.00, 6.00, 6.00, 6.00, 6.00, 6.00, 6.00, 6.00, 6.00, 6.00, 6.00, 6.00, 

18:47:28 --> 6.00, 6.00, 6.00, 6.00, 6.00, 6.00, 6.00, 6.00, 6.00, 6.00, 6.00, 6.00, 6.00, 6.00, 6.00, 6.00, 6.00, 6.00, 6.00, 6.00, 6.00, 6.00, 6.00, 6.00, 6.00, 6.00, 6.00, 6.00, 6.00, 6.00, 6.00, 6.00, 6.00, 6.00, 6.00, 6.00, 6.00, 6.00, 6.00, 6.00, 6.00, 6.00, 6.00, 6.00, 6.00, 6.00, 6.00, 6.00, 6.00, 6.00, 6.00, 6.00, 6.00, 6.00, 6.00, 6.00, 6.00, 6.00, 6.00, 

18:48:30 --> 6.00, 6.00, 6.00, 6.00, 6.00, 6.00, 6.00, 6.00, 6.00, 6.00, 6.00, 6.00, 6.00, 6.00, 6.00, 6.00, 6.00, 6.00, 6.00, 6.00, 6.00, 6.00, 6.00, 6.00, 6.00, 6.00, 6.00, 6.00, 6.00, 6.00, 6.00, 6.00, 6.00, 6.00, 6.00, 6.00, 6.00, 6.00, 6.00, 6.00, 6.00, 6.00, 6.00, 6.00, 6.00, 6.00, 6.00, 6.00, 6.00, 6.00, 6.00, 6.00, 6.00, 6.00, 6.00, 6.00, 6.00, 6.00, 6.00, 

18:49:31 --> 6.00, 6.00, 6.00, 6.00, 6.00, 6.00, 6.00, 6.00, 6.00, 6.00, 6.00, 6.00, 6.00, 6.00, 6.00, 6.00, 6.00, 6.00, 6.00, 6.00, 6.00, 6.00, 6.00, 6.00, 6.00, 6.00, 6.00, 6.00, 6.00, 6.00, 6.00, 6.00, 6.00, 6.00, 6.00, 6.00, 6.00, 6.00, 6.00, 6.00, 6.00, 6.00, 6.00, 6.00, 6.00, 6.00, 6.00, 6.00, 6.00, 6.00, 6.00, 6.00, 6.00, 6.00, 6.00, 6.00, 6.00, 6.00, 6.00, 

18:50:33 --> 6.00, 6.00, 6.00, 6.00, 6.00, 6.00, 6.00, 6.00, 6.00, 6.00, 6.00, 6.00, 6.00, 6.00, 6.00, 6.00, 6.00, 6.00, 6.00, 6.00, 6.00, 6.00, 6.00, 6.00, 6.00, 6.00, 6.00, 6.00, 6.00, 6.00, 6.00, 6.00, 6.00, 6.00, 6.00, 6.00, 6.00, 6.00, 6.00, 6.00, 6.00, 6.00, 6.00, 6.00, 6.00, 6.00, 6.00, 6.00, 6.00, 6.00, 6.00, 6.00, 6.00, 6.00, 6.00, 6.00, 6.00, 6.00, 6.00, 

18:51:34 --> 6.00, 6.00, 6.00, 6.00, 6.00, 6.00, 6.00, 6.00, 6.00, 6.00, 6.00, 6.00, 6.00, 6.00, 6.00, 6.00, 6.00, 6.00, 6.00, 6.00, 6.00, 6.00, 6.00, 6.00, 6.00, 6.00, 6.00, 6.00, 6.00, 6.00, 6.00, 6.00, 6.00, 6.00, 6.00, 6.00, 6.00, 6.00, 6.00, 6.00, 6.00, 6.00, 6.00, 6.00, 6.00, 6.00, 6.00, 6.00, 6.00, 6.00, 6.00, 6.00, 6.00, 6.00, 6.00, 6.00, 6.00, 6.00, 6.00, 

18:52:36 --> 6.00, 6.00, 6.00, 6.00, 6.00, 6.00, 6.00, 6.00, 6.00, 6.00, 6.00, 6.00, 6.00, 6.00, 6.00, 6.00, 6.00, 6.00, 6.00, 6.00, 6.00, 6.00, 6.00, 6.00, 6.00, 6.00, 6.00, 6.00, 6.00, 6.00, 6.00, 6.00, 6.00, 6.00, 6.00, 6.00, 6.00, 6.00, 6.00, 6.00, 6.00, 6.00, 6.00, 6.00, 6.00, 6.00, 6.00, 6.00, 6.00, 6.00, 6.00, 6.00, 6.00, 6.00, 6.00, 6.00, 6.00, 6.00, 6.00, 

18:53:38 --> 6.00, 6.00, 6.00, 6.00, 6.00, 6.00, 6.00, 6.00, 6.00, 6.00, 6.00, 6.00, 6.00, 6.00, 6.00, 6.00, 6.00, 6.00, 6.00, 6.00, 6.00, 6.00, 6.00, 6.00, 6.00, 6.00, 6.00, 6.00, 6.00, 6.00, 6.00, 6.00, 6.00, 6.00, 6.00, 6.00, 6.00, 6.00, 6.00, 6.00, 6.00, 6.00, 6.00, 6.00, 6.00, 6.00, 6.00, 6.00, 6.00, 6.00, 6.00, 6.00, 6.00, 6.00, 6.00, 6.00, 6.00, 6.00, 6.00, 

18:54:39 --> 6.00, 6.00, 6.00, 6.00, 6.00, 6.00, 6.00, 6.00, 6.00, 6.00, 6.00, 6.00, 6.00, 6.00, 6.00, 6.00, 6.00, 6.00, 6.00, 6.00, 6.00, 6.00, 6.00, 6.00, 6.00, 6.00, 6.00, 6.00, 6.00, 6.00, 6.00, 6.00, 6.00, 6.00, 6.00, 6.00, 6.00, 6.00, 6.00, 6.00, 6.00, 6.00, 6.00, 6.00, 6.00, 6.00, 6.00, 6.00, 6.00, 6.00, 6.00, 6.00, 6.00, 6.00, 6.00, 6.00, 6.00, 6.00, 6.00, 

18:55:41 --> 6.00, 6.00, 6.00, 6.00, 6.00, 6.00, 6.00, 6.00, 6.00, 6.00, 6.00, 6.00, 6.00, 6.00, 6.00, 6.00, 6.00, 6.00, 6.00, 6.00, 6.00, 6.00, 6.00, 6.00, 6.00, 6.00, 6.00, 6.00, 6.00, 6.00, 6.00, 6.00, 6.00, 6.00, 6.00, 6.00, 6.00, 6.00, 6.00, 6.00, 6.00, 6.00, 6.00, 6.00, 6.00, 6.00, 6.00, 6.00, 6.00, 6.00, 6.00, 6.00, 6.00, 6.00, 6.00, 6.00, 6.00, 6.00, 6.00, 

18:56:43 --> 6.00, 6.00, 6.00, 6.00, 6.00, 6.00, 6.00, 6.00, 6.00, 6.00, 6.00, 6.00, 6.00, 6.00, 6.00, 6.00, 6.00, 6.00, 6.00, 6.00, 6.00, 6.00, 6.00, 6.00, 6.00, 6.00, 6.00, 6.00, 6.00, 6.00, 6.00, 6.00, 6.00, 6.00, 6.00, 6.00, 6.00, 6.00, 6.00, 6.00, 6.00, 6.00, 6.00, 6.00, 6.00, 6.00, 6.00, 6.00, 6.00, 6.00, 6.00, 6.00, 6.00, 6.00, 6.00, 6.00, 6.00, 6.00, 6.00, 

18:57:45 --> 6.00, 6.00, 6.00, 6.00, 6.00, 6.00, 6.00, 6.00, 6.00, 6.00, 6.00, 6.00, 6.00, 6.00, 6.00, 6.00, 6.00, 6.00, 6.00, 6.00, 6.00, 6.00, 6.00, 6.00, 6.00, 6.00, 6.00, 6.00, 6.00, 6.00, 6.00, 6.00, 6.00, 6.00, 6.00, 6.00, 6.00, 6.00, 6.00, 6.00, 6.00, 6.00, 6.00, 6.00, 6.00, 6.00, 6.00, 6.00, 6.00, 6.00, 6.00, 6.00, 6.00, 6.00, 6.00, 6.00, 6.00, 6.00, 6.00, 

18:58:46 --> 6.00, 6.00, 6.00, 6.00, 6.00, 6.00, 6.00, 6.00, 6.00, 6.00, 6.00, 6.00, 6.00, 6.00, 6.00, 6.00, 6.00, 6.00, 6.00, 6.00, 6.00, 6.00, 6.00, 6.00, 6.00, 6.00, 6.00, 6.00, 6.00, 6.00, 6.00, 6.00, 6.00, 6.00, 6.00, 6.00, 6.00, 6.00, 6.00, 6.00, 6.00, 6.00, 6.00, 6.00, 6.00, 6.00, 6.00, 6.00, 6.00, 6.00, 6.00, 6.00, 6.00, 6.00, 6.00, 6.00, 6.00, 6.00, 6.00, 

18:59:48 --> 6.00, 6.00, 6.00, 6.00, 6.00, 6.00, 6.00, 6.00, 6.00, 6.00, 6.00, 6.00, 6.00, 6.00, 6.00, 6.00, 6.00, 6.00, 6.00, 6.00, 6.00, 6.00, 6.00, 6.00, 6.00, 6.00, 6.00, 6.00, 6.00, 6.00, 6.00, 6.00, 6.00, 6.00, 6.00, 6.00, 6.00, 6.00, 6.00, 6.00, 6.00, 6.00, 6.00, 6.00, 6.00, 6.00, 6.00, 6.00, 6.00, 6.00, 6.00, 6.00, 6.00, 6.00, 6.00, 6.00, 6.00, 6.00, 6.00, 

19:00:50 --> 6.00, 6.00, 6.00, 6.00, 6.00, 6.00, 6.00, 6.00, 6.00, 6.00, 6.00, 6.00, 6.00, 6.00, 6.00, 6.00, 6.00, 6.00, 6.00, 6.00, 6.00, 6.00, 6.00, 6.00, 6.00, 6.00, 6.00, 6.00, 6.00, 6.00, 6.00, 6.00, 6.00, 6.00, 6.00, 6.00, 6.00, 6.00, 6.00, 6.00, 6.00, 6.00, 6.00, 6.00, 6.00, 6.00, 6.00, 6.00, 6.00, 6.00, 6.00, 6.00, 6.00, 6.00, 6.00, 6.00, 6.00, 6.00, 6.00, 

19:01:51 --> 6.00, 6.00, 6.00, 6.00, 6.00, 6.00, 6.00, 6.00, 6.00, 6.00, 6.00, 6.00, 6.00, 6.00, 6.00, 6.00, 6.00, 6.00, 6.00, 6.00, 6.00, 6.00, 6.00, 6.00, 6.00, 6.00, 6.00, 6.00, 6.00, 6.00, 6.00, 6.00, 6.00, 6.00, 6.00, 6.00, 6.00, 6.00, 6.00, 6.00, 6.00, 6.00, 6.00, 6.00, 6.00, 6.00, 6.00, 6.00, 6.00, 6.00, 6.00, 6.00, 6.00, 6.00, 6.00, 6.00, 6.00, 6.00, 6.00, 

19:02:53 --> 6.00, 6.00, 6.00, 6.00, 6.00, 6.00, 6.00, 6.00, 6.00, 6.00, 6.00, 6.00, 6.00, 6.00, 6.00, 6.00, 6.00, 6.00, 6.00, 6.00, 6.00, 6.00, 6.00, 6.00, 6.00, 6.00, 6.00, 6.00, 6.00, 6.00, 6.00, 6.00, 6.00, 6.00, 6.00, 6.00, 6.00, 6.00, 6.00, 6.00, 6.00, 6.00, 6.00, 6.00, 6.00, 6.00, 6.00, 6.00, 6.00, 6.00, 6.00, 6.00, 6.00, 6.00, 6.00, 6.00, 6.00, 6.00, 6.00, 

19:03:55 --> 6.00, 6.00, 6.00, 6.00, 6.00, 6.00, 6.00, 6.00, 6.00, 6.00, 6.00, 6.00, 6.00, 6.00, 6.00, 6.00, 6.00, 6.00, 6.00, 6.00, 6.00, 6.00, 6.00, 6.00, 6.00, 6.00, 6.00, 6.00, 6.00, 6.00, 6.00, 6.00, 6.00, 6.00, 6.00, 6.00, 6.00, 6.00, 6.00, 6.00, 6.00, 6.00, 6.00, 6.00, 6.00, 6.00, 6.00, 6.00, 6.00, 6.00, 6.00, 6.00, 6.00, 6.00, 6.00, 6.00, 6.00, 6.00, 6.00, 

19:04:56 --> 6.00, 6.00, 6.00, 6.00, 6.00, 6.00, 6.00, 6.00, 6.00, 6.00, 6.00, 6.00, 6.00, 6.00, 6.00, 6.00, 6.00, 6.00, 6.00, 6.00, 6.00, 6.00, 6.00, 6.00, 6.00, 6.00, 6.00, 6.00, 6.00, 6.00, 6.00, 6.00, 6.00, 6.00, 6.00, 6.00, 6.00, 6.00, 6.00, 6.00, 6.00, 6.00, 6.00, 6.00, 6.00, 6.00, 6.00, 6.00, 6.00, 6.00, 6.00, 6.00, 6.00, 6.00, 6.00, 6.00, 6.00, 6.00, 6.00, 

19:05:58 --> 6.00, 6.00, 6.00, 6.00, 6.00, 6.00, 6.00, 6.00, 6.00, 6.00, 6.00, 6.00, 6.00, 6.00, 6.00, 6.00, 6.00, 6.00, 6.00, 6.00, 6.00, 6.00, 6.00, 6.00, 6.00, 6.00, 6.00, 6.00, 6.00, 6.00, 6.00, 6.00, 6.00, 6.00, 6.00, 6.00, 6.00, 6.00, 6.00, 6.00, 6.00, 6.00, 6.00, 6.00, 6.00, 6.00, 6.00, 6.00, 6.00, 6.00, 6.00, 6.00, 6.00, 6.00, 6.00, 6.00, 6.00, 6.00, 6.00, 

19:07:00 --> 6.00, 6.00, 6.00, 6.00, 6.00, 6.00, 6.00, 6.00, 6.00, 6.00, 6.00, 6.00, 6.00, 6.00, 6.00, 6.00, 6.00, 6.00, 6.00, 6.00, 6.00, 6.00, 6.00, 6.00, 6.00, 6.00, 6.00, 6.00, 6.00, 6.00, 6.00, 6.00, 6.00, 6.00, 6.00, 6.00, 6.00, 6.00, 6.00, 6.00, 6.00, 6.00, 6.00, 6.00, 6.00, 6.00, 6.00, 6.00, 6.00, 6.00, 6.00, 6.00, 6.00, 6.00, 6.00, 6.00, 6.00, 6.00, 6.00, 

19:08:02 --> 6.00, 6.00, 6.00, 6.00, 6.00, 6.00, 6.00, 6.00, 6.00, 6.00, 6.00, 6.00, 6.00, 6.00, 6.00, 6.00, 6.00, 6.00, 6.00, 6.00, 6.00, 6.00, 6.00, 6.00, 6.00, 6.00, 6.00, 6.00, 6.00, 6.00, 6.00, 6.00, 6.00, 6.00, 6.00, 6.00, 6.00, 6.00, 6.00, 6.00, 6.00, 6.00, 6.00, 6.00, 6.00, 6.00, 6.00, 6.00, 6.00, 6.00, 6.00, 6.00, 6.00, 6.00, 6.00, 6.00, 6.00, 6.00, 6.00, 

19:09:04 --> 6.00, 6.00, 6.00, 6.00, 6.00, 6.00, 6.00, 6.00, 6.00, 6.00, 6.00, 6.00, 6.00, 6.00, 6.00, 6.00, 6.00, 6.00, 6.00, 6.00, 6.00, 6.00, 6.00, 6.00, 6.00, 6.00, 6.00, 6.00, 6.00, 6.00, 6.00, 6.00, 6.00, 6.00, 6.00, 6.00, 6.00, 6.00, 6.00, 6.00, 6.00, 6.00, 6.00, 6.00, 6.00, 6.00, 6.00, 6.00, 6.00, 6.00, 6.00, 6.00, 6.00, 6.00, 6.00, 6.00, 6.00, 6.00, 6.00, 

19:10:06 --> 6.00, 6.00, 6.00, 6.00, 6.00, 6.00, 6.00, 6.00, 6.00, 6.00, 6.00, 6.00, 6.00, 6.00, 6.00, 6.00, 6.00, 6.00, 6.00, 6.00, 6.00, 6.00, 6.00, 6.00, 6.00, 6.00, 6.00, 6.00, 6.00, 6.00, 6.00, 6.00, 6.00, 6.00, 6.00, 6.00, 6.00, 6.00, 6.00, 6.00, 6.00, 6.00, 6.00, 6.00, 6.00, 6.00, 6.00, 6.00, 6.00, 6.00, 6.00, 6.00, 6.00, 6.00, 6.00, 6.00, 6.00, 6.00, 6.00, 

19:11:08 --> 6.00, 6.00, 6.00, 6.00, 6.00, 6.00, 6.00, 6.00, 6.00, 6.00, 6.00, 6.00, 6.00, 6.00, 6.00, 6.00, 6.00, 6.00, 6.00, 6.00, 6.00, 6.00, 6.00, 6.00, 6.00, 6.00, 6.00, 6.00, 6.00, 6.00, 6.00, 6.00, 6.00, 6.00, 6.00, 6.00, 6.00, 6.00, 6.00, 6.00, 6.00, 6.00, 6.00, 6.00, 6.00, 6.00, 6.00, 6.00, 6.00, 6.00, 6.00, 6.00, 6.00, 6.00, 6.00, 6.00, 6.00, 6.00, 6.00, 

19:12:10 --> 6.00, 6.00, 6.00, 6.00, 6.00, 6.00, 6.00, 6.00, 6.00, 6.00, 6.00, 6.00, 6.00, 6.00, 6.00, 6.00, 6.00, 6.00, 6.00, 6.00, 6.00, 6.00, 6.00, 6.00, 6.00, 6.00, 6.00, 6.00, 6.00, 6.00, 6.00, 6.00, 6.00, 6.00, 6.00, 6.00, 6.00, 6.00, 6.00, 6.00, 6.00, 6.00, 6.00, 6.00, 6.00, 6.00, 6.00, 6.00, 6.00, 6.00, 6.00, 6.00, 6.00, 6.00, 6.00, 6.00, 6.00, 6.00, 6.00, 

19:13:12 --> 6.00, 6.00, 6.00, 6.00, 6.00, 6.00, 6.00, 6.00, 6.00, 6.00, 6.00, 6.00, 6.00, 6.00, 6.00, 6.00, 6.00, 6.00, 6.00, 6.00, 6.00, 6.00, 6.00, 6.00, 6.00, 6.00, 6.00, 6.00, 6.00, 6.00, 6.00, 6.00, 6.00, 6.00, 6.00, 6.00, 6.00, 6.00, 6.00, 6.00, 6.00, 6.00, 6.00, 6.00, 6.00, 6.00, 6.00, 6.00, 6.00, 6.00, 6.00, 6.00, 6.00, 6.00, 6.00, 6.00, 6.00, 6.00, 6.00, 

19:14:14 --> 6.00, 6.00, 6.00, 6.00, 6.00, 6.00, 6.00, 6.00, 6.00, 6.00, 6.00, 6.00, 6.00, 6.00, 6.00, 6.00, 6.00, 6.00, 6.00, 6.00, 6.00, 6.00, 6.00, 6.00, 6.00, 6.00, 6.00, 6.00, 6.00, 6.00, 6.00, 6.00, 6.00, 6.00, 6.00, 6.00, 6.00, 6.00, 6.00, 6.00, 6.00, 6.00, 6.00, 6.00, 6.00, 6.00, 6.00, 6.00, 6.00, 6.00, 6.00, 6.00, 6.00, 6.00, 6.00, 6.00, 6.00, 6.00, 6.00, 

19:15:16 --> 6.00, 6.00, 6.00, 6.00, 6.00, 6.00, 6.00, 6.00, 6.00, 6.00, 6.00, 6.00, 6.00, 6.00, 6.00, 6.00, 6.00, 6.00, 6.00, 6.00, 6.00, 6.00, 6.00, 6.00, 6.00, 6.00, 6.00, 6.00, 6.00, 6.00, 6.00, 6.00, 6.00, 6.00, 6.00, 6.00, 6.00, 6.00, 6.00, 6.00, 6.00, 6.00, 6.00, 6.00, 6.00, 6.00, 6.00, 6.00, 6.00, 6.00, 6.00, 6.00, 6.00, 6.00, 6.00, 6.00, 6.00, 6.00, 6.00, 

19:16:18 --> 6.00, 6.00, 6.00, 6.00, 6.00, 6.00, 6.00, 6.00, 6.00, 6.00, 6.00, 6.00, 6.00, 6.00, 6.00, 6.00, 6.00, 6.00, 6.00, 6.00, 6.00, 6.00, 6.00, 6.00, 6.00, 6.00, 6.00, 6.00, 6.00, 6.00, 6.00, 6.00, 6.00, 6.00, 6.00, 6.00, 6.00, 6.00, 6.00, 6.00, 6.00, 6.00, 6.00, 6.00, 6.00, 6.00, 6.00, 6.00, 6.00, 6.00, 6.00, 6.00, 6.00, 6.00, 6.00, 6.00, 6.00, 6.00, 6.00, 

19:17:20 --> 6.00, 6.00, 6.00, 6.00, 6.00, 6.00, 6.00, 6.00, 6.00, 6.00, 6.00, 6.00, 6.00, 6.00, 6.00, 6.00, 6.00, 6.00, 6.00, 6.00, 6.00, 6.00, 6.00, 6.00, 6.00, 6.00, 6.00, 6.00, 6.00, 6.00, 6.00, 6.00, 6.00, 6.00, 6.00, 6.00, 6.00, 6.00, 6.00, 6.00, 6.00, 6.00, 6.00, 6.00, 6.00, 6.00, 6.00, 6.00, 6.00, 6.00, 6.00, 6.00, 6.00, 6.00, 6.00, 6.00, 6.00, 6.00, 6.00, 

19:18:22 --> 6.00, 6.00, 6.00, 6.00, 6.00, 6.00, 6.00, 6.00, 6.00, 6.00, 6.00, 6.00, 6.00, 6.00, 6.00, 6.00, 6.00, 6.00, 6.00, 6.00, 6.00, 6.00, 6.00, 6.00, 6.00, 6.00, 6.00, 6.00, 6.00, 6.00, 6.00, 6.00, 6.00, 6.00, 6.00, 6.00, 6.00, 6.00, 6.00, 6.00, 6.00, 6.00, 6.00, 6.00, 6.00, 6.00, 6.00, 6.00, 6.00, 6.00, 6.00, 6.00, 6.00, 6.00, 6.00, 6.00, 6.00, 6.00, 6.00, 

19:19:24 --> 6.00, 6.00, 6.00, 6.00, 6.00, 6.00, 6.00, 6.00, 6.00, 6.00, 6.00, 6.00, 6.00, 6.00, 6.00, 6.00, 6.00, 6.00, 6.00, 6.00, 6.00, 6.00, 6.00, 6.00, 6.00, 6.00, 6.00, 6.00, 6.00, 6.00, 6.00, 6.00, 6.00, 6.00, 6.00, 6.00, 6.00, 6.00, 6.00, 6.00, 6.00, 6.00, 6.00, 6.00, 6.00, 6.00, 6.00, 6.00, 6.00, 6.00, 6.00, 6.00, 6.00, 6.00, 6.00, 6.00, 6.00, 6.00, 6.00, 

19:20:26 --> 6.00, 6.00, 6.00, 6.00, 6.00, 6.00, 6.00, 6.00, 6.00, 6.00, 6.00, 6.00, 6.00, 6.00, 6.00, 6.00, 6.00, 6.00, 6.00, 6.00, 6.00, 6.00, 6.00, 6.00, 6.00, 6.00, 6.00, 6.00, 6.00, 6.00, 6.00, 6.00, 6.00, 6.00, 6.00, 6.00, 6.00, 6.00, 6.00, 6.00, 6.00, 6.00, 6.00, 6.00, 6.00, 6.00, 6.00, 6.00, 6.00, 6.00, 6.00, 6.00, 6.00, 6.00, 6.00, 6.00, 6.00, 6.00, 6.00, 

19:21:28 --> 6.00, 6.00, 6.00, 6.00, 6.00, 6.00, 6.00, 6.00, 6.00, 6.00, 6.00, 6.00, 6.00, 6.00, 6.00, 6.00, 6.00, 6.00, 6.00, 6.00, 6.00, 6.00, 6.00, 6.00, 6.00, 6.00, 6.00, 6.00, 6.00, 6.00, 6.00, 6.00, 6.00, 6.00, 6.00, 6.00, 6.00, 6.00, 6.00, 6.00, 6.00, 6.00, 6.00, 6.00, 6.00, 6.00, 6.00, 6.00, 6.00, 6.00, 6.00, 6.00, 6.00, 6.00, 6.00, 6.00, 6.00, 6.00, 6.00, 

19:22:30 --> 6.00, 6.00, 6.00, 6.00, 6.00, 6.00, 6.00, 6.00, 6.00, 6.00, 6.00, 6.00, 6.00, 6.00, 6.00, 6.00, 6.00, 6.00, 6.00, 6.00, 6.00, 6.00, 6.00, 6.00, 6.00, 6.00, 6.00, 6.00, 6.00, 6.00, 6.00, 6.00, 6.00, 6.00, 6.00, 6.00, 6.00, 6.00, 6.00, 6.00, 6.00, 6.00, 6.00, 6.00, 6.00, 6.00, 6.00, 6.00, 6.00, 6.00, 6.00, 6.00, 6.00, 6.00, 6.00, 6.00, 6.00, 6.00, 6.00, 

19:23:32 --> 6.00, 6.00, 6.00, 6.00, 6.00, 6.00, 6.00, 6.00, 6.00, 6.00, 6.00, 6.00, 6.00, 6.00, 6.00, 6.00, 6.00, 6.00, 6.00, 6.00, 6.00, 6.00, 6.00, 6.00, 6.00, 6.00, 6.00, 6.00, 6.00, 6.00, 6.00, 6.00, 6.00, 6.00, 6.00, 6.00, 6.00, 6.00, 6.00, 6.00, 6.00, 6.00, 6.00, 6.00, 6.00, 6.00, 6.00, 6.00, 6.00, 6.00, 6.00, 6.00, 6.00, 6.00, 6.00, 6.00, 6.00, 6.00, 6.00, 

19:24:34 --> 6.00, 6.00, 6.00, 6.00, 6.00, 6.00, 6.00, 6.00, 6.00, 6.00, 6.00, 6.00, 6.00, 6.00, 6.00, 6.00, 6.00, 6.00, 6.00, 6.00, 6.00, 6.00, 6.00, 6.00, 6.00, 6.00, 6.00, 6.00, 6.00, 6.00, 6.00, 6.00, 6.00, 6.00, 6.00, 6.00, 6.00, 6.00, 6.00, 6.00, 6.00, 6.00, 6.00, 6.00, 6.00, 6.00, 6.00, 6.00, 6.00, 6.00, 6.00, 6.00, 6.00, 6.00, 6.00, 6.00, 6.00, 6.00, 6.00, 

19:25:36 --> 6.00, 6.00, 6.00, 6.00, 6.00, 6.00, 6.00, 6.00, 6.00, 6.00, 6.00, 6.00, 6.00, 6.00, 6.00, 6.00, 6.00, 6.00, 6.00, 6.00, 6.00, 6.00, 6.00, 6.00, 6.00, 6.00, 6.00, 6.00, 6.00, 6.00, 6.00, 6.00, 6.00, 6.00, 6.00, 6.00, 6.00, 6.00, 6.00, 6.00, 6.00, 6.00, 6.00, 6.00, 6.00, 6.00, 6.00, 6.00, 6.00, 6.00, 6.00, 6.00, 6.00, 6.00, 6.00, 6.00, 6.00, 6.00, 6.00, 

19:26:38 --> 6.00, 6.00, 6.00, 6.00, 6.00, 6.00, 6.00, 6.00, 6.00, 6.00, 6.00, 6.00, 6.00, 6.00, 6.00, 6.00, 6.00, 6.00, 6.00, 6.00, 6.00, 6.00, 6.00, 6.00, 6.00, 6.00, 6.00, 6.00, 6.00, 6.00, 6.00, 6.00, 6.00, 6.00, 6.00, 6.00, 6.00, 6.00, 6.00, 6.00, 6.00, 6.00, 6.00, 6.00, 6.00, 6.00, 6.00, 6.00, 6.00, 6.00, 6.00, 6.00, 6.00, 6.00, 6.00, 6.00, 6.00, 6.00, 6.00, 

19:27:40 --> 6.00, 6.00, 6.00, 6.00, 6.00, 6.00, 6.00, 6.00, 6.00, 6.00, 6.00, 6.00, 6.00, 6.00, 6.00, 6.00, 6.00, 6.00, 6.00, 6.00, 6.00, 6.00, 6.00, 6.00, 6.00, 6.00, 6.00, 6.00, 6.00, 6.00, 6.00, 6.00, 6.00, 6.00, 6.00, 6.00, 6.00, 6.00, 6.00, 6.00, 6.00, 6.00, 6.00, 6.00, 6.00, 6.00, 6.00, 6.00, 6.00, 6.00, 6.00, 6.00, 6.00, 6.00, 6.00, 6.00, 6.00, 6.00, 6.00, 

19:28:42 --> 6.00, 6.00, 6.00, 6.00, 6.00, 6.00, 6.00, 6.00, 6.00, 6.00, 6.00, 6.00, 6.00, 6.00, 6.00, 6.00, 6.00, 6.00, 6.00, 6.00, 6.00, 6.00, 6.00, 6.00, 6.00, 6.00, 6.00, 6.00, 6.00, 6.00, 6.00, 6.00, 6.00, 6.00, 6.00, 6.00, 6.00, 6.00, 6.00, 6.00, 6.00, 6.00, 6.00, 6.00, 6.00, 6.00, 6.00, 6.00, 6.00, 6.00, 6.00, 6.00, 6.00, 6.00, 6.00, 6.00, 6.00, 6.00, 6.00, 

19:29:44 --> 6.00, 6.00, 6.00, 6.00, 6.00, 6.00, 6.00, 6.00, 6.00, 6.00, 6.00, 6.00, 6.00, 6.00, 6.00, 6.00, 6.00, 6.00, 6.00, 6.00, 6.00, 6.00, 6.00, 6.00, 6.00, 6.00, 6.00, 6.00, 6.00, 6.00, 6.00, 6.00, 6.00, 6.00, 6.00, 6.00, 6.00, 6.00, 6.00, 6.00, 6.00, 6.00, 6.00, 6.00, 6.00, 6.00, 6.00, 6.00, 6.00, 6.00, 6.00, 6.00, 6.00, 6.00, 6.00, 6.00, 6.00, 6.00, 6.00, 

19:30:46 --> 6.00, 6.00, 6.00, 6.00, 6.00, 6.00, 6.00, 6.00, 6.00, 6.00, 6.00, 6.00, 6.00, 6.00, 6.00, 6.00, 6.00, 6.00, 6.00, 6.00, 6.00, 6.00, 6.00, 6.00, 6.00, 6.00, 6.00, 6.00, 6.00, 6.00, 6.00, 6.00, 6.00, 6.00, 6.00, 6.00, 6.00, 6.00, 6.00, 6.00, 6.00, 6.00, 6.00, 6.00, 6.00, 6.00, 6.00, 6.00, 6.00, 6.00, 6.00, 6.00, 6.00, 6.00, 6.00, 6.00, 6.00, 6.00, 6.00, 

19:31:48 --> 6.00, 6.00, 6.00, 6.00, 6.00, 6.00, 6.00, 6.00, 6.00, 6.00, 6.00, 6.00, 6.00, 6.00, 6.00, 6.00, 6.00, 6.00, 6.00, 6.00, 6.00, 6.00, 6.00, 6.00, 6.00, 6.00, 6.00, 6.00, 6.00, 6.00, 6.00, 6.00, 6.00, 6.00, 6.00, 6.00, 6.00, 6.00, 6.00, 6.00, 6.00, 6.00, 6.00, 6.00, 6.00, 6.00, 6.00, 6.00, 6.00, 6.00, 6.00, 6.00, 6.00, 6.00, 6.00, 6.00, 6.00, 6.00, 6.00, 

19:32:50 --> 6.00, 6.00, 6.00, 6.00, 6.00, 6.00, 6.00, 6.00, 6.00, 6.00, 6.00, 6.00, 6.00, 6.00, 6.00, 6.00, 6.00, 6.00, 6.00, 6.00, 6.00, 6.00, 6.00, 6.00, 6.00, 6.00, 6.00, 6.00, 6.00, 6.00, 6.00, 6.00, 6.00, 6.00, 6.00, 6.00, 6.00, 6.00, 6.00, 6.00, 6.00, 6.00, 6.00, 6.00, 6.00, 6.00, 6.00, 6.00, 6.00, 6.00, 6.00, 6.00, 6.00, 6.00, 6.00, 6.00, 6.00, 6.00, 6.00, 

19:33:52 --> 6.00, 6.00, 6.00, 6.00, 6.00, 6.00, 6.00, 6.00, 6.00, 6.00, 6.00, 6.00, 6.00, 6.00, 6.00, 6.00, 6.00, 6.00, 6.00, 6.00, 6.00, 6.00, 6.00, 6.00, 6.00, 6.00, 6.00, 6.00, 6.00, 6.00, 6.00, 6.00, 6.00, 6.00, 6.00, 6.00, 6.00, 6.00, 6.00, 6.00, 6.00, 6.00, 6.00, 6.00, 6.00, 6.00, 6.00, 6.00, 6.00, 6.00, 6.00, 6.00, 6.00, 6.00, 6.00, 6.00, 6.00, 6.00, 6.00, 

19:34:53 --> 6.00, 6.00, 6.00, 6.00, 6.00, 6.00, 6.00, 6.00, 6.00, 6.00, 6.00, 6.00, 6.00, 6.00, 6.00, 6.00, 6.00, 6.00, 6.00, 6.00, 6.00, 6.00, 6.00, 6.00, 6.00, 6.00, 6.00, 6.00, 6.00, 6.00, 6.00, 6.00, 6.00, 6.00, 6.00, 6.00, 6.00, 6.00, 6.00, 6.00, 6.00, 6.00, 6.00, 6.00, 6.00, 6.00, 6.00, 6.00, 6.00, 6.00, 6.00, 6.00, 6.00, 6.00, 6.00, 6.00, 6.00, 6.00, 6.00, 

19:35:55 --> 6.00, 6.00, 6.00, 6.00, 6.00, 6.00, 6.00, 6.00, 6.00, 6.00, 6.00, 6.00, 6.00, 6.00, 6.00, 6.00, 6.00, 6.00, 6.00, 6.00, 6.00, 6.00, 6.00, 6.00, 6.00, 6.00, 6.00, 6.00, 6.00, 6.00, 6.00, 6.00, 6.00, 6.00, 6.00, 6.00, 6.00, 6.00, 6.00, 6.00, 6.00, 6.00, 6.00, 6.00, 6.00, 6.00, 6.00, 6.00, 6.00, 6.00, 6.00, 6.00, 6.00, 6.00, 6.00, 