
22:53:44 --> 3500.00, 2114.58, 2250.00, 2552.08, 1994.79, 1942.71, 2104.17, 2083.33, 2109.38, 2130.21, 2125.00, 2145.83, 2364.58, 2114.58, 2375.00, 2223.96, 2260.42, 2781.25, 2770.83, 2229.17, 2177.08, 2208.33, 2208.33, 2197.92, 2187.50, 2161.46, 2223.96, 2328.13, 2322.92, 2395.83, 2468.75, 2552.08, 2177.08, 2197.92, 2385.42, 2557.29, 2666.67, 2729.17, 2651.04, 2510.42, 2125.00, 1729.17, 1572.92, 1651.04, 1572.92, 1958.33, 2234.38, 2750.00, 2578.13, 2182.29, 1859.38, 1906.25, 1937.50, 2291.67, 2645.83, 2625.00, 2546.88, 2609.38, 2270.83, 

22:54:45 --> 1619.79, 1500.00, 1406.25, 1421.88, 1515.63, 1578.13, 1619.79, 1807.29, 1963.54, 2000.00, 1927.08, 1984.38, 1854.17, 1661.46, 1552.08, 1572.92, 1635.42, 1677.08, 1536.46, 1447.92, 1536.46, 1541.67, 1656.25, 1588.54, 1750.00, 1921.88, 2119.79, 2322.92, 2541.67, 2546.88, 2562.50, 2562.50, 2500.00, 1937.50, 1880.21, 1843.75, 1854.17, 1822.92, 1833.33, 1776.04, 1791.67, 1770.83, 1802.08, 1786.46, 1781.25, 1921.88, 2109.38, 2046.88, 1906.25, 1927.08, 1973.96, 2213.54, 1869.79, 2322.92, 2171.88, 2171.88, 2145.83, 2135.42, 2130.21, 

22:55:46 --> 2265.63, 2239.58, 2166.67, 2359.38, 1848.96, 1770.83, 1953.13, 2135.42, 1854.17, 2020.83, 2026.04, 2062.50, 2083.33, 1880.21, 1645.83, 1505.21, 1645.83, 1500.00, 1614.58, 1546.88, 1572.92, 1661.46, 1744.79, 1921.88, 1947.92, 1713.54, 1755.21, 1671.88, 1661.46, 1697.92, 203.12, 223.96, 302.08, 62.50, 52.08, 26.04, 36.46, 62.50, 88.54, 88.54, 57.29, 57.29, 62.50, 62.50, 62.50, 67.71, 52.08, 62.50, 31.25, 67.71, 36.46, 250.00, 46.88, 130.21, 223.96, 78.12, 52.08, 72.92, 46.88, 

22:56:48 --> 26.04, 41.67, 20.83, 31.25, 31.25, 46.88, 46.88, 130.21, 46.88, 46.88, 41.67, 52.08, 36.46, 36.46, 20.83, 20.83, 10.42, 15.63, 10.42, 36.46, 62.50, 62.50, 36.46, 31.25, 52.08, 31.25, 15.63, 156.25, 5.21, 20.83, 15.63, 10.42, 20.83, 26.04, 15.63, 36.46, 46.88, 67.71, 83.33, 67.71, 83.33, 41.67, 62.50, 67.71, 62.50, 62.50, 46.88, 20.83, 52.08, 36.46, 6781.25, 7020.83, 7765.63, 7979.17, 7572.92, 7385.42, 7223.96, 7109.38, 6937.50, 

22:57:49 --> 4515.63, 3520.83, 3562.50, 3062.50, 3208.33, 3098.96, 3026.04, 2395.83, 2208.33, 2098.96, 2052.08, 2109.38, 2010.42, 2104.17, 2093.75, 1947.92, 2104.17, 2057.29, 2114.58, 2125.00, 1687.50, 1317.71, 1119.79, 1052.08, 1276.04, 1281.25, 1052.08, 1229.17, 6375.00, 6625.00, 7078.13, 7093.75, 6375.00, 5718.75, 5583.33, 5614.58, 5703.13, 7130.21, -14609.37, -9307.29, -8442.71, -7703.13, -7265.63, -7078.13, -7776.04, -8453.12, -8723.96, -9307.29, -9119.79, -9161.46, -9026.04, -8635.42, -7890.63, -7536.46, -6625.00, -6140.63, -6572.92, -7265.63, -7442.71, 

22:58:50 --> -6026.04, -5255.21, -5098.96, -4859.38, -5697.92, -6536.46, -7260.42, -6203.13, -5302.08, -4875.00, -5453.13, -5755.21, -6114.58, -6328.13, -5531.25, -4869.79, -4364.58, -4385.42, -4015.63, -4114.58, -3989.58, -3822.92, -4609.38, -4885.42, -5302.08, -5463.54, -5661.46, -5338.54, -4932.29, -4151.04, -4171.88, -3979.17, -3953.13, -3937.50, -3802.08, -3901.04, -3807.29, -3645.83, -4005.21, -4598.96, -4614.58, -4562.50, -4458.33, -4250.00, -3546.88, -2890.63, -2739.58, -2817.71, -2776.04, -2755.21, -2770.83, -2651.04, -2916.67, -3229.17, -3265.63, -3671.88, -3901.04, -3994.79, -4072.92, 

22:59:51 --> -3645.83, -3343.75, -3255.21, -3338.54, -2760.42, -3005.21, -3088.54, -2822.92, -2968.75, -3234.38, -3317.71, -2833.33, -2526.04, -2442.71, -2072.92, -2156.25, -2182.29, -2052.08, -2557.29, -3104.17, -3348.96, -3479.17, -3203.13, -2953.13, -2427.08, -2494.79, -2552.08, -2651.04, -2942.71, -3182.29, -3067.71, -2895.83, -2682.29, -2161.46, -2255.21, -1734.38, -1718.75, -1718.75, -1973.96, -2166.67, -2192.71, -2640.63, -2401.04, -2328.13, -2182.29, -2307.29, -2286.46, -2322.92, -2385.42, -2510.42, -2458.33, -2609.38, -2484.38, -2401.04, -2328.13, -2401.04, -2302.08, -2348.96, -2265.63, 

23:00:53 --> -2411.46, -2468.75, -2578.13, -2604.17, -2687.50, -2770.83, -2697.92, -2614.58, -2562.50, -2692.71, -2479.17, -1786.46, -1614.58, -1588.54, -1786.46, -1588.54, -1604.17, -1578.13, -1739.58, -2078.13, -2026.04, -2239.58, -2484.38, -2453.13, -2463.54, -2187.50, -2442.71, -2348.96, -2026.04, -2151.04, -1911.46, -2020.83, -2307.29, -2656.25, -2750.00, -2421.88, -2223.96, -1921.88, -1718.75, -1520.83, -1234.38, -1416.67, -1442.71, -1333.33, -1286.46, -1343.75, -1453.13, -1260.42, -1369.79, -1411.46, -1307.29, -1390.63, -1484.38, -1453.13, -1770.83, -1859.38, -2104.17, -2192.71, -2291.67, 

23:01:54 --> -2177.08, -1854.17, -1786.46, -1770.83, -1723.96, -1833.33, -1750.00, -1937.50, -1791.67, -1822.92, -1968.75, -1984.38, -2244.79, -1802.08, -1723.96, -1734.38, -1848.96, -1692.71, -1734.38, -1682.29, -1750.00, -1713.54, -1677.08, -1666.67, -1666.67, -1692.71, -1677.08, -1713.54, -1546.88, -1651.04, -1781.25, -1666.67, -1666.67, -1687.50, -1677.08, -1515.63, -1557.29, -1630.21, -1770.83, -1645.83, -1692.71, -1651.04, -1765.63, -1838.54, -2130.21, -1973.96, -1968.75, -1828.13, -1718.75, -1546.88, -1651.04, -1468.75, -1619.79, -1562.50, -1781.25, -1880.21, -2072.92, -1921.88, -1677.08, 

23:02:55 --> -1104.17, -1031.25, -1098.96, -1229.17, -1229.17, -1515.63, -1781.25, -1854.17, -1630.21, -1572.92, -1484.38, -1536.46, -1734.38, -1791.67, -2020.83, -1807.29, -1651.04, -1276.04, -1213.54, -1041.67, -1119.79, -932.29, -1218.75, -1489.58, -1718.75, -1864.58, -1942.71, -1942.71, -1937.50, -2291.67, -1817.71, -1854.17, -1750.00, -1812.50, -1677.08, -1901.04, -1739.58, -1557.29, -1557.29, -1677.08, -1656.25, -1901.04, -1677.08, -1921.88, -1921.88, -1500.00, -1406.25, -1359.38, -1270.83, -1682.29, -1333.33, -1489.58, -1192.71, -1526.04, -1630.21, -1864.58, -1843.75, -1541.67, -1052.08, 

23:03:56 --> -1473.96, -1750.00, -1786.46, -1645.83, -1348.96, -1463.54, -1500.00, -1744.79, -1921.88, -1765.63, -1364.58, -1104.17, -927.08, -1000.00, -1015.62, -1036.46, -1781.25, -1750.00, -1885.42, -1932.29, -2031.25, -1562.50, -1765.63, -1776.04, -1833.33, -1854.17, -1671.88, -1692.71, -1817.71, -1656.25, -1734.38, -1619.79, -1520.83, -1421.88, -1291.67, -1187.50, -1083.33, -989.58, -958.33, -927.08, -895.83, -1036.46, -953.12, -932.29, -869.79, -1062.50, -1036.46, -1109.38, -1135.42, -1187.50, -1796.88, -1687.50, -1645.83, -1885.42, -1885.42, -1343.75, -1281.25, -1270.83, -1244.79, 

23:04:57 --> -1286.46, -1338.54, -1453.13, -1531.25, -1614.58, -1588.54, -1723.96, -1630.21, -1458.33, -1281.25, -1072.92, -1062.50, -958.33, -869.79, -848.96, -812.50, -1041.67, -1630.21, -1593.75, -1848.96, -1489.58, -1348.96, -1203.13, -1312.50, -1265.63, -1223.96, -1380.21, -1572.92, -1692.71, -1656.25, -1427.08, -1041.67, -953.12, -885.42, -817.71, -1197.92, -1515.63, -1713.54, -1354.17, -1239.58, -1229.17, -1567.71, -1406.25, -1234.38, -916.67, -958.33, -791.67, -786.46, -1510.42, -1598.96, -1630.21, -1458.33, -1385.42, -1166.67, -1286.46, -1208.33, -1187.50, -1203.13, -1270.83, 

23:05:59 --> -1479.17, -1552.08, -1510.42, -1338.54, -1182.29, -1010.42, -854.17, -1041.67, -921.87, -864.58, -765.62, -864.58, -796.87, -994.79, -1140.63, -1312.50, -1343.75, -1567.71, -1479.17, -1062.50, -1213.54, -1135.42, -1062.50, -1098.96, -1265.63, -1234.38, -1437.50, -1552.08, -1463.54, -1427.08, -1187.50, -843.75, -750.00, -1135.42, -1223.96, -1375.00, -1354.17, -1635.42, -1572.92, -1406.25, -1270.83, -1192.71, -1083.33, -1114.58, -1088.54, -1145.83, -1151.04, -1166.67, -1109.38, -1098.96, -1296.88, -1083.33, -1171.88, -1156.25, -968.75, -1088.54, -1026.04, -1036.46, -937.50, 

23:07:00 --> -1041.67, -1052.08, -953.12, -1052.08, -1182.29, -1057.29, -1093.75, -1114.58, -1296.88, -1229.17, -1291.67, -1322.92, -1390.63, -1463.54, -1322.92, -1484.38, -1343.75, -1192.71, -1031.25, -1088.54, -796.87, -864.58, -713.54, -781.25, -1026.04, -1000.00, -1276.04, -1286.46, -1359.38, -1260.42, -1380.21, -1437.50, -1364.58, -1338.54, -1171.88, -1093.75, -1041.67, -1083.33, -1130.21, -1057.29, -1244.79, -1255.21, -1229.17, -1114.58, -854.17, -843.75, -885.42, -859.37, -765.62, -958.33, -1250.00, -1401.04, -1098.96, -963.54, -1026.04, -1010.42, -916.67, -942.71, -958.33, 

23:08:01 --> -1166.67, -1348.96, -1281.25, -1229.17, -1192.71, -1005.21, -838.54, -755.21, -734.37, -687.50, -802.08, -661.46, -786.46, -812.50, -927.08, -1015.62, -1296.88, -1276.04, -1197.92, -1307.29, -1223.96, -1166.67, -1088.54, -1229.17, -1338.54, -1125.00, -1302.08, -1140.63, -1223.96, -1270.83, -1296.88, -1239.58, -1208.33, -1057.29, -1140.63, -1098.96, -1135.42, -1041.67, -812.50, -875.00, -901.04, -968.75, -916.67, -895.83, -1020.83, -984.37, -1119.79, -1187.50, -1296.88, -1135.42, -1020.83, -802.08, -786.46, -739.58, -640.62, -718.75, -958.33, -1166.67, -1265.63, 

23:09:02 --> -1156.25, -854.17, -911.46, -932.29, -770.83, -895.83, -1151.04, -1166.67, -1156.25, -687.50, -666.67, -614.58, -869.79, -1072.92, -1177.08, -1187.50, -994.79, -963.54, -921.87, -713.54, -921.87, -796.87, -937.50, -1151.04, -1203.13, -1109.38, -1088.54, -1119.79, -1083.33, -1062.50, -921.87, -843.75, -937.50, -901.04, -937.50, -817.71, -817.71, -906.25, -942.71, -1031.25, -1010.42, -1088.54, -1114.58, -1192.71, -1317.71, -1171.88, -1005.21, -781.25, -630.21, -541.67, -552.08, -614.58, -635.42, -822.92, -1166.67, -1104.17, -916.67, -817.71, -864.58, 

23:10:03 --> -885.42, -864.58, -1250.00, -1078.13, -880.21, -833.33, -739.58, -645.83, -796.87, -677.08, -619.79, -604.17, -755.21, -927.08, -1046.88, -968.75, -1192.71, -1072.92, -692.71, -723.96, -755.21, -833.33, -848.96, -958.33, -1031.25, -916.67, -937.50, -713.54, -708.33, -703.12, -713.54, -718.75, -921.87, -937.50, -906.25, -1041.67, -1197.92, -1104.17, -994.79, -911.46, -703.12, -770.83, -609.37, -885.42, -765.62, -833.33, -734.37, -692.71, -791.67, -1088.54, -968.75, -937.50, -838.54, -708.33, -744.79, -765.62, -833.33, -770.83, -1062.50, 

23:11:05 --> -911.46, -1109.38, -953.12, -1031.25, -958.33, -989.58, -1322.92, -1114.58, -1380.21, -968.75, -1010.42, -937.50, -989.58, -901.04, -947.92, -843.75, -958.33, -1015.62, -927.08, -1005.21, -776.04, -765.62, -807.29, -791.67, -734.37, -593.75, -812.50, -828.12, -984.37, -932.29, -890.62, -869.79, -630.21, -526.04, -546.87, -479.17, -656.25, -760.42, -979.17, -1010.42, -1062.50, -875.00, -770.83, -677.08, -755.21, -802.08, -786.46, -703.12, -687.50, -723.96, -791.67, -703.12, -687.50, -1031.25, -880.21, -911.46, -932.29, -958.33, -1020.83, 

23:12:06 --> -994.79, -833.33, -906.25, -1005.21, -875.00, -927.08, -885.42, -838.54, -817.71, -708.33, -734.37, -656.25, -552.08, -578.12, -671.87, -760.42, -645.83, -614.58, -744.79, -708.33, -578.12, -625.00, -526.04, -755.21, -645.83, -770.83, -833.33, -963.54, -614.58, -473.96, -395.83, -416.67, -604.17, -744.79, -828.12, -786.46, -729.17, -619.79, -697.92, -453.12, -687.50, -817.71, -895.83, -812.50, -723.96, -802.08, -791.67, -640.62, -427.08, -791.67, -567.71, -562.50, -682.29, -515.62, -494.79, -531.25, -390.62, -651.04, -416.67, 

23:13:07 --> -640.62, -718.75, -729.17, -739.58, -817.71, -760.42, -869.79, -916.67, -781.25, -812.50, -770.83, -687.50, -708.33, -661.46, -687.50, -630.21, -432.29, -651.04, -682.29, -505.21, -619.79, -708.33, -583.33, -708.33, -703.12, -697.92, -666.67, -682.29, -718.75, -729.17, -843.75, -802.08, -765.62, -817.71, -885.42, -812.50, -812.50, -885.42, -906.25, -760.42, -739.58, -776.04, -687.50, -541.67, -630.21, -572.92, -614.58, -500.00, -468.75, -312.50, -401.04, 0.00, -510.42, -531.25, -296.87, -338.54, -328.12, -364.58, -369.79, 

23:14:08 --> -593.75, -562.50, -557.29, -463.54, -453.12, -453.12, -364.58, -338.54, -546.87, -510.42, -385.42, -359.37, -375.00, -390.62, -593.75, -322.92, -401.04, -447.92, -296.87, -338.54, -338.54, -401.04, -593.75, -671.87, -697.92, -692.71, -786.46, -807.29, -869.79, -703.12, -713.54, -578.12, -598.96, -604.17, -500.00, -635.42, -604.17, -494.79, -473.96, -484.37, -635.42, -708.33, -812.50, -578.12, -661.46, -671.87, -760.42, -562.50, -479.17, -442.71, -484.37, -630.21, -421.87, -494.79, -281.25, -364.58, -432.29, -437.50, -322.92, 

23:15:09 --> -442.71, -500.00, -734.37, -744.79, -755.21, -723.96, -713.54, -708.33, -552.08, -588.54, -656.25, -520.83, -536.46, -515.62, -630.21, -614.58, -479.17, -510.42, -484.37, -458.33, -635.42, -473.96, -510.42, -468.75, -557.29, -458.33, -484.37, -473.96, -463.54, -562.50, -473.96, -432.29, -515.62, -500.00, -609.37, -651.04, -635.42, -781.25, -692.71, -687.50, -692.71, -687.50, -546.87, -567.71, -567.71, -578.12, -598.96, -630.21, -614.58, -666.67, -697.92, -817.71, -703.12, -713.54, -463.54, -468.75, -442.71, -354.17, -427.08, 

23:16:11 --> -515.62, -682.29, -760.42, -651.04, -427.08, -375.00, -572.92, -651.04, -718.75, -729.17, -416.67, -500.00, -343.75, -291.67, -473.96, -598.96, -651.04, -604.17, -703.12, -697.92, -500.00, -578.12, -500.00, -552.08, -442.71, -515.62, -572.92, -380.21, -453.12, -531.25, -557.29, -588.54, -838.54, -760.42, -541.67, -505.21, -468.75, -447.92, -447.92, -479.17, -557.29, -250.00, -348.96, -375.00, -453.12, -281.25, -354.17, -406.25, -411.46, -505.21, -625.00, -583.33, -703.12, -723.96, -708.33, -531.25, -489.58, -520.83, -802.08, 

23:17:12 --> -505.21, -515.62, -510.42, -614.58, -682.29, -750.00, -463.54, -567.71, -421.87, -489.58, -286.46, -348.96, -437.50, -473.96, -234.37, -317.71, -348.96, -416.67, -421.87, -447.92, -489.58, -546.87, -557.29, -567.71, -656.25, -489.58, -635.42, -677.08, -526.04, -421.87, -520.83, -614.58, -572.92, -739.58, -593.75, -421.87, -286.46, -406.25, -651.04, -562.50, -666.67, -520.83, -552.08, -437.50, -406.25, -531.25, -619.79, -411.46, -447.92, -369.79, -265.62, -421.87, -541.67, -697.92, -713.54, -635.42, -479.17, -463.54, -677.08, 

23:18:13 --> -364.58, -437.50, -489.58, -609.37, -682.29, -541.67, -645.83, -473.96, -421.87, -192.71, -442.71, -588.54, -531.25, -625.00, -468.75, -500.00, -427.08, -520.83, -723.96, -682.29, -432.29, -255.21, -244.79, -406.25, -546.87, -526.04, -437.50, -515.62, -468.75, -583.33, -677.08, -588.54, -750.00, -453.12, -380.21, -468.75, -302.08, -380.21, -572.92, -411.46, -546.87, -588.54, -671.87, -661.46, -593.75, -640.62, -625.00, -484.37, -593.75, -447.92, -546.87, -484.37, -473.96, -348.96, -447.92, -411.46, -416.67, -505.21, -359.37, 

23:19:14 --> -572.92, -588.54, -531.25, -593.75, -463.54, -260.42, -385.42, -260.42, -468.75, -593.75, -468.75, -380.21, -421.87, -500.00, -692.71, -703.12, -437.50, -421.87, -265.62, -359.37, -156.25, -661.46, -557.29, -598.96, -520.83, -411.46, -427.08, -494.79, -317.71, -458.33, -411.46, -541.67, -703.12, -625.00, -526.04, -239.58, -286.46, -276.04, -432.29, -557.29, -255.21, -354.17, -302.08, -463.54, -583.33, -484.37, -583.33, -432.29, -380.21, -421.87, -458.33, -458.33, -505.21, -510.42, -281.25, -484.37, -468.75, -500.00, -468.75, 

23:20:15 --> -489.58, -500.00, -432.29, -609.37, -588.54, -651.04, -645.83, -510.42, -520.83, -541.67, -463.54, -302.08, -411.46, -406.25, -447.92, -380.21, -255.21, -713.54, -520.83, -588.54, -401.04, -390.62, -229.17, -333.33, -156.25, -333.33, -427.08, -536.46, -510.42, -593.75, -468.75, -500.00, -447.92, -447.92, -354.17, -500.00, -593.75, -484.37, -546.87, -619.79, -421.87, -270.83, -343.75, -432.29, -255.21, -286.46, -265.62, -281.25, -296.87, -369.79, -359.37, -380.21, -406.25, -421.87, -447.92, -500.00, -505.21, -494.79, -468.75, 

23:21:17 --> -500.00, -619.79, -463.54, -453.12, -437.50, -286.46, -364.58, -390.62, -307.29, -442.71, -515.62, -578.12, -375.00, -369.79, -276.04, -348.96, -473.96, -546.87, -593.75, -468.75, -281.25, -380.21, -317.71, -411.46, -484.37, -510.42, -500.00, -526.04, -593.75, -651.04, -364.58, -390.62, -375.00, -385.42, -458.33, -343.75, -380.21, -411.46, -395.83, -421.87, -437.50, -244.79, -239.58, -218.75, -218.75, -281.25, -296.87, -375.00, -348.96, -312.50, -432.29, -484.37, -593.75, -463.54, -421.87, -369.79, -380.21, -468.75, -677.08, 

23:22:18 --> -661.46, -291.67, -437.50, -520.83, -359.37, -354.17, -359.37, -526.04, -354.17, -380.21, -416.67, -406.25, -427.08, -494.79, -526.04, -546.87, -578.12, -364.58, -385.42, -421.87, -218.75, -328.12, -244.79, -296.87, -390.62, -510.42, -489.58, -562.50, -401.04, -473.96, -322.92, -369.79, -281.25, -416.67, -479.17, -390.62, -572.92, -552.08, -338.54, -432.29, -229.17, -354.17, -265.62, -380.21, -520.83, -463.54, -380.21, -369.79, -401.04, -359.37, -442.71, -354.17, -406.25, -364.58, -375.00, -453.12, -473.96, -520.83, -515.62, 

23:23:19 --> -494.79, -526.04, -562.50, -541.67, -437.50, -531.25, -333.33, -401.04, -348.96, -348.96, -333.33, -364.58, -437.50, -343.75, -354.17, -348.96, -380.21, -364.58, -192.71, -265.62, -296.87, -343.75, -312.50, -369.79, -395.83, -458.33, -494.79, -375.00, -500.00, -500.00, -494.79, -494.79, -546.87, -322.92, -458.33, -385.42, -437.50, -369.79, -375.00, -468.75, -333.33, -307.29, -286.46, -380.21, -411.46, -354.17, -406.25, -453.12, -494.79, -468.75, -515.62, -541.67, -364.58, -500.00, -348.96, -354.17, -369.79, -250.00, -322.92, 

23:24:20 --> -208.33, -484.37, -437.50, -411.46, -411.46, -343.75, -473.96, -479.17, -286.46, -354.17, -359.37, -380.21, -411.46, -260.42, -276.04, -333.33, -546.87, -468.75, -500.00, -505.21, -520.83, -578.12, -520.83, -359.37, -348.96, -322.92, -343.75, -354.17, -375.00, -494.79, -239.58, -390.62, -302.08, -432.29, -213.54, -244.79, -244.79, -234.37, -364.58, -348.96, -182.29, -208.33, -213.54, -270.83, -369.79, -390.62, -395.83, -338.54, -479.17, -348.96, -432.29, -427.08, -411.46, -265.62, -281.25, -364.58, -354.17, -322.92, -546.87, 

23:25:21 --> -312.50, -307.29, -286.46, -354.17, -276.04, -348.96, -458.33, -484.37, -421.87, -380.21, -359.37, -312.50, -411.46, -322.92, -343.75, -401.04, -463.54, -552.08, -328.12, -328.12, -244.79, -296.87, -343.75, -151.04, -203.12, -322.92, -364.58, -447.92, -390.62, -484.37, -526.04, -390.62, -369.79, -229.17, -359.37, -270.83, -348.96, -421.87, -390.62, -458.33, -447.92, -494.79, -343.75, -338.54, -385.42, -208.33, -255.21, -244.79, -244.79, -291.67, -354.17, -348.96, -380.21, -354.17, -364.58, -427.08, -380.21, -296.87, -286.46, 

23:26:23 --> -359.37, -380.21, -369.79, -213.54, -291.67, -317.71, -359.37, -416.67, -484.37, -484.37, -473.96, -520.83, -255.21, -338.54, -203.12, -286.46, -385.42, -406.25, -531.25, -343.75, -406.25, -322.92, -437.50, -458.33, -322.92, -354.17, -218.75, -359.37, -156.25, -260.42, -401.04, -359.37, -500.00, -328.12, -375.00, -343.75, -296.87, -322.92, -151.04, -281.25, -307.29, -364.58, -369.79, -401.04, -458.33, -406.25, -458.33, -541.67, -343.75, -364.58, -223.96, -250.00, -333.33, -343.75, -473.96, -437.50, -463.54, -395.83, -317.71, 

23:27:24 --> -395.83, -328.12, -218.75, -307.29, -406.25, -458.33, -427.08, -546.87, -270.83, -322.92, -348.96, -250.00, -135.42, -197.92, -317.71, -416.67, -395.83, -500.00, -333.33, -453.12, -401.04, -302.08, -390.62, -484.37, -578.12, -489.58, 36.46, -307.29, -291.67, -250.00, -234.37, -296.87, -171.87, -218.75, -281.25, -286.46, -421.87, -375.00, -463.54, -380.21, -343.75, -312.50, -369.79, -307.29, -322.92, -406.25, -213.54, -281.25, -151.04, -286.46, -385.42, -416.67, -255.21, -343.75, -276.04, -234.37, -479.17, -510.42, -500.00, 

23:28:25 --> -46.88, -197.92, -239.58, -348.96, -354.17, -484.37, -437.50, -265.62, -218.75, -317.71, -359.37, -395.83, -427.08, -322.92, -270.83, -270.83, -322.92, -364.58, -281.25, -307.29, -385.42, -453.12, -343.75, -322.92, -317.71, -244.79, -291.67, -114.58, -197.92, -229.17, -307.29, -312.50, -395.83, -479.17, -427.08, -442.71, -500.00, -395.83, -375.00, -343.75, -348.96, -322.92, -286.46, -270.83, -302.08, -364.58, -416.67, -479.17, -437.50, -468.75, -505.21, -463.54, -291.67, -234.37, -276.04, -312.50, -88.54, -130.21, -119.79, 

23:29:26 --> -250.00, -265.62, -312.50, -317.71, -395.83, -369.79, -473.96, -442.71, -369.79, -270.83, -276.04, -166.67, -291.67, -312.50, -375.00, -416.67, -281.25, -348.96, -239.58, -348.96, -187.50, -296.87, -385.42, -505.21, -312.50, -244.79, -354.17, -432.29, -489.58, -291.67, -265.62, -265.62, -135.42, -208.33, -390.62, -427.08, -302.08, -328.12, -333.33, -406.25, -437.50, -307.29, -276.04, -218.75, -270.83, -130.21, -197.92, -307.29, -416.67, -416.67, -291.67, -359.37, -302.08, -239.58, -432.29, -244.79, -432.29, -265.62, -239.58, 

23:30:28 --> -223.96, -375.00, -359.37, -453.12, -307.29, -333.33, -296.87, -213.54, -255.21, -161.46, -390.62, -463.54, -473.96, -333.33, -239.58, -296.87, -145.83, -208.33, -385.42, -270.83, -286.46, -343.75, -296.87, -333.33, -239.58, -395.83, -453.12, -281.25, -307.29, -208.33, -312.50, -130.21, -192.71, -291.67, -473.96, -338.54, -265.62, -333.33, -244.79, -307.29, -359.37, -427.08, -296.87, -255.21, -270.83, -229.17, -291.67, -192.71, -255.21, -348.96, -421.87, -317.71, -416.67, -145.83, -239.58, -322.92, -276.04, -265.62, -223.96, 

23:31:29 --> -171.87, -296.87, -385.42, -411.46, -328.12, -354.17, -302.08, -260.42, -302.08, -354.17, -223.96, -317.71, -395.83, -427.08, -494.79, -265.62, -276.04, -229.17, -135.42, -187.50, -276.04, -354.17, -463.54, -348.96, -255.21, -203.12, -328.12, -307.29, -213.54, -291.67, -364.58, -453.12, -328.12, -276.04, -354.17, -302.08, -421.87, -437.50, -291.67, -317.71, -270.83, -125.00, -145.83, -213.54, -322.92, -401.04, -354.17, -437.50, -312.50, -312.50, -312.50, -328.12, -234.37, -291.67, -286.46, -156.25, -234.37, -203.12, -427.08, 

23:32:30 --> -489.58, -296.87, -312.50, -223.96, -255.21, -291.67, -260.42, -218.75, -109.37, -229.17, -239.58, -255.21, -317.71, -156.25, -114.58, -156.25, -171.87, -229.17, -317.71, -380.21, -406.25, -447.92, -255.21, -260.42, -281.25, -307.29, -312.50, -390.62, -281.25, -239.58, -286.46, -109.37, -161.46, -171.87, -223.96, -276.04, -369.79, -406.25, -442.71, -333.33, -291.67, -250.00, -286.46, -333.33, -239.58, -338.54, -359.37, -416.67, -270.83, -307.29, -526.04, -302.08, 421.87, -244.79, -302.08, -343.75, -125.00, -145.83, -140.62, 

23:33:31 --> -375.00, -401.04, -348.96, -338.54, -322.92, -395.83, -338.54, -312.50, -338.54, -302.08, -296.87, -286.46, -286.46, -302.08, -317.71, -302.08, -359.37, -401.04, -328.12, -375.00, -375.00, -437.50, -250.00, -276.04, -265.62, -296.87, -218.75, -244.79, -312.50, -406.25, -145.83, -234.37, -317.71, -421.87, -276.04, -255.21, -338.54, -239.58, -375.00, -416.67, -276.04, -239.58, -93.75, -203.12, -312.50, -343.75, -437.50, -286.46, -317.71, -281.25, -130.21, -244.79, -270.83, -375.00, -385.42, -463.54, -286.46, -260.42, -244.79, 

23:34:32 --> -276.04, -312.50, -239.58, -255.21, -223.96, -213.54, -260.42, -265.62, -270.83, -296.87, -447.92, -229.17, -432.29, -406.25, -390.62, -348.96, -276.04, -291.67, -432.29, -458.33, -406.25, -390.62, -416.67, -385.42, -322.92, -317.71, -348.96, -375.00, -442.71, -463.54, -276.04, -239.58, -286.46, -88.54, -197.92, -265.62, -302.08, -390.62, -270.83, -307.29, -187.50, -234.37, -281.25, -354.17, -359.37, -557.29, -302.08, -255.21, -213.54, -234.37, -291.67, -328.12, -140.62, -166.67, -187.50, -239.58, -234.37, -250.00, -255.21, 

23:35:34 --> -276.04, -296.87, -421.87, -375.00, -369.79, -343.75, -395.83, -416.67, -390.62, -421.87, -453.12, -255.21, -270.83, -281.25, -234.37, -286.46, -265.62, -218.75, -260.42, -302.08, -328.12, -343.75, -197.92, -208.33, -270.83, -296.87, -317.71, -307.29, -348.96, -375.00, -380.21, -406.25, -213.54, -250.00, -270.83, -260.42, -276.04, -270.83, -260.42, -265.62, -260.42, -286.46, -281.25, -218.75, -250.00, -244.79, -369.79, -244.79, -437.50, -479.17, -458.33, -250.00, -427.08, -369.79, -411.46, -333.33, -348.96, -307.29, -296.87, 

23:36:35 --> -197.92, -156.25, -317.71, -296.87, -192.71, -322.92, -307.29, -244.79, -328.12, -218.75, -229.17, -250.00, -369.79, -416.67, -453.12, -411.46, -369.79, -296.87, -354.17, -416.67, -348.96, -343.75, -296.87, -375.00, -364.58, -333.33, -307.29, -296.87, -348.96, -322.92, -286.46, -296.87, -354.17, -291.67, -307.29, -260.42, -276.04, -302.08, -260.42, -250.00, -208.33, -229.17, -250.00, -255.21, -281.25, -52.08, -114.58, -114.58, -114.58, -109.37, -98.96, -166.67, -140.62, -83.33, -88.54, -135.42, -135.42, -156.25, -151.04, 

23:37:36 --> -171.87, -192.71, -239.58, -135.42, -156.25, -203.12, -218.75, -427.08, -359.37, -270.83, -270.83, -197.92, -177.08, -171.87, -145.83, -145.83, -93.75, -72.92, -291.67, -307.29, -250.00, -119.79, -93.75, -78.12, -125.00, -130.21, -125.00, -119.79, -119.79, -182.29, -218.75, -244.79, -270.83, -244.79, -255.21, -250.00, -250.00, -234.37, -286.46, -260.42, -276.04, -255.21, -223.96, -229.17, -197.92, -93.75, -270.83, -250.00, -302.08, 4968.75, 5109.38, 5505.21, 5765.63, 5854.17, 5296.88, 4718.75, 4244.79, 4260.42, 4244.79, 

23:38:37 --> 4151.04, 4156.25, 4187.50, 4135.42, 4421.88, 4317.71, 4437.50, 4369.79, 4296.88, 4161.46, 4109.38, 3666.67, 3234.38, 3067.71, 3015.63, 3130.21, 3177.08, 3270.83, 3380.21, 3421.88, 3526.04, 3661.46, 3739.58, 3760.42, 3812.50, 3807.29, 4093.75, 3833.33, 3744.79, 3515.63, 3348.96, 3057.29, 3083.33, 3145.83, 3067.71, 3130.21, 3177.08, 3401.04, 4078.13, 4526.04, 4473.96, 4359.38, 4005.21, 3098.96, 2682.29, 2817.71, 2890.63, 2718.75, 3453.13, 4098.96, 4114.58, 3052.08, 3125.00, 3557.29, 4421.88, 4489.58, 2807.29, 2656.25, 2994.79, 

23:39:38 --> 4395.83, 4302.08, 3786.46, 3031.25, 3151.04, 3312.50, 3463.54, 3697.92, 4161.46, 4651.04, 4395.83, 4385.42, 4234.38, 3484.38, 2927.08, 2541.67, 2588.54, 2854.17, 3114.58, 4088.54, 4505.21, 4302.08, 3630.21, 3161.46, 3088.54, 3140.63, 3963.54, 4244.79, 4562.50, 4296.88, 4218.75, 4057.29, 3609.38, 3239.58, 2838.54, 2562.50, 2625.00, 3500.00, 4447.92, 4526.04, 3838.54, 3703.13, 3031.25, 3114.58, 3182.29, 3203.13, 3156.25, 2906.25, 2401.04, 2776.04, 2578.13, 1276.04, 1255.21, 1270.83, 1270.83, 1260.42, 1197.92, 1255.21, 1276.04, 

23:40:40 --> 994.79, 1114.58, 1093.75, 1234.38, 1421.88, 1390.63, 1328.13, 1234.38, 1062.50, 937.50, 994.79, 968.75, 1260.42, 1385.42, 1552.08, 864.58, 843.75, 833.33, 786.46, 750.00, 916.67, 822.92, 875.00, 744.79, 776.04, 828.12, 822.92, 854.17, 666.67, 671.87, 697.92, 843.75, 682.29, 520.83, 432.29, 375.00, 286.46, 411.46, 291.67, 463.54, 286.46, 395.83, 265.62, 197.92, 213.54, 229.17, 192.71, 213.54, 182.29, 166.67, 166.67, 140.62, 93.75, 52.08, 57.29, 171.87, 62.50, 67.71, 218.75, 

23:41:41 --> 239.58, 223.96, 208.33, 171.87, 88.54, 62.50, 166.67, 130.21, 312.50, 192.71, 192.71, 322.92, 166.67, 161.46, 187.50, 223.96, 140.62, 125.00, 52.08, 31.25, 208.33, 135.42, 83.33, 83.33, 93.75, 62.50, 78.12, 83.33, 78.12, 78.12, 83.33, 72.92, 83.33, 57.29, 62.50, 203.12, 151.04, 130.21, 109.37, 135.42, 78.12, 140.62, 114.58, 140.62, 140.62, 135.42, 125.00, 125.00, 93.75, 156.25, 182.29, 145.83, 62.50, 10.42, 88.54, 72.92, 260.42, 156.25, 145.83, 

23:42:42 --> 125.00, 130.21, 93.75, 151.04, 140.62, 109.37, 62.50, 125.00, 239.58, 270.83, 187.50, 140.62, 98.96, 67.71, 67.71, 57.29, 36.46, 62.50, 57.29, 62.50, 36.46, 41.67, 15.63, 26.04, 0.00, 78.12, 104.17, 104.17, 93.75, 72.92, 98.96, 88.54, 67.71, 57.29, 67.71, 296.87, 307.29, 151.04, 140.62, 119.79, 62.50, 57.29, 125.00, 140.62, 125.00, 276.04, 130.21, 72.92, 255.21, 171.87, 208.33, 52.08, 239.58, 171.87, 151.04, 182.29, 166.67, 140.62, 140.62, 

23:43:43 --> 104.17, 156.25, 177.08, 322.92, 197.92, 166.67, 52.08, 270.83, 208.33, 46.88, 57.29, 104.17, 130.21, 140.62, 140.62, 67.71, 281.25, 83.33, 125.00, 67.71, 72.92, 88.54, 72.92, 270.83, 192.71, 171.87, 114.58, 187.50, 125.00, 83.33, 83.33, 78.12, 234.37, 119.79, 145.83, 151.04, 140.62, 130.21, 145.83, 130.21, 130.21, 114.58, 83.33, 57.29, 41.67, 20.83, 83.33, 88.54, 98.96, 98.96, 83.33, 98.96, 83.33, 98.96, 0.00, 83.33, 93.75, 78.12, 72.92, 

23:44:44 --> 187.50, 286.46, 197.92, 114.58, 88.54, 83.33, 88.54, 130.21, 83.33, 98.96, 93.75, 72.92, 98.96, 93.75, 46.88, 135.42, 151.04, 57.29, 78.12, 46.88, 125.00, 67.71, 78.12, 88.54, 114.58, 88.54, 109.37, 125.00, 57.29, 67.71, 46.88, 312.50, 151.04, 93.75, 125.00, 78.12, 67.71, 78.12, 93.75, 88.54, 125.00, 125.00, 130.21, 88.54, 125.00, 93.75, 67.71, 197.92, 171.87, 156.25, 161.46, 125.00, 83.33, 114.58, 104.17, 109.37, 119.79, 119.79, 182.29, 

23:45:45 --> 130.21, 125.00, 270.83, 145.83, 177.08, 281.25, 182.29, 140.62, 119.79, 135.42, 140.62, 130.21, 145.83, 166.67, 177.08, 197.92, 192.71, 260.42, 255.21, 57.29, 72.92, 88.54, 67.71, 98.96, 88.54, 78.12, 57.29, 187.50, 125.00, 109.37, 46.88, 130.21, 88.54, 88.54, 166.67, 145.83, 67.71, 78.12, 0.00, 46.88, 67.71, 161.46, 140.62, 104.17, 109.37, 52.08, 46.88, 135.42, 83.33, 104.17, 130.21, 125.00, 93.75, 67.71, 78.12, 109.37, 104.17, 83.33, 78.12, 

23:46:47 --> 93.75, 46.88, 62.50, 88.54, 72.92, 72.92, 88.54, 104.17, 83.33, 104.17, 130.21, 130.21, 125.00, 52.08, 52.08, 62.50, 46.88, 72.92, 62.50, 72.92, 72.92, 67.71, 15.63, 26.04, 31.25, 31.25, 46.88, 62.50, 88.54, 93.75, 109.37, 130.21, 72.92, 88.54, 104.17, 151.04, 104.17, 98.96, 88.54, 88.54, 114.58, 93.75, 88.54, 57.29, 52.08, 41.67, 15.63, 67.71, 78.12, 67.71, 62.50, 36.46, 161.46, 41.67, 140.62, 140.62, 125.00, 140.62, 114.58, 

23:47:48 --> 109.37, 140.62, 145.83, 130.21, 41.67, 57.29, 46.88, 62.50, 67.71, 88.54, 0.00, 5.21, 41.67, 46.88, 83.33, 83.33, 140.62, 57.29, 83.33, 67.71, 78.12, 67.71, 67.71, 104.17, 98.96, 130.21, 88.54, 119.79, 104.17, 78.12, 88.54, 78.12, 98.96, 72.92, 125.00, 109.37, 114.58, 83.33, 93.75, 83.33, 83.33, 125.00, 114.58, 119.79, 78.12, 119.79, 109.37, 52.08, 62.50, 88.54, 104.17, 125.00, 78.12, 62.50, 78.12, 88.54, 78.12, 67.71, 156.25, 

23:48:49 --> 171.87, 114.58, 114.58, 78.12, 119.79, 114.58, 83.33, 20.83, 62.50, 36.46, 93.75, 104.17, 114.58, 88.54, 67.71, 57.29, 31.25, 20.83, 15.63, 46.88, 15.63, 31.25, 36.46, 62.50, 62.50, 83.33, 88.54, 26.04, 109.37, 93.75, 114.58, 119.79, 114.58, 88.54, 104.17, 114.58, 52.08, 83.33, 88.54, 36.46, 57.29, 88.54, 93.75, 93.75, 78.12, 62.50, 72.92, 67.71, 52.08, 88.54, 145.83, 67.71, 98.96, 83.33, 98.96, 114.58, 20.83, 114.58, 83.33, 

23:49:50 --> 78.12, 78.12, 46.88, 46.88, 46.88, 104.17, 46.88, 46.88, 36.46, 15.63, 52.08, 52.08, 31.25, 36.46, 15.63, 78.12, 67.71, 78.12, 62.50, 46.88, 41.67, 67.71, 46.88, 62.50, 31.25, 26.04, 46.88, 52.08, 46.88, 98.96, 78.12, 57.29, 67.71, 52.08, 88.54, 67.71, 62.50, 72.92, 36.46, 57.29, 52.08, 41.67, 41.67, 78.12, 46.88, 57.29, 93.75, 41.67, 46.88, 52.08, 36.46, 57.29, 46.88, 46.88, 46.88, 83.33, 88.54, 31.25, 15.63, 

23:50:51 --> 46.88, 72.92, 57.29, 52.08, 31.25, 67.71, 57.29, 46.88, 36.46, 46.88, 31.25, 67.71, 52.08, 72.92, 72.92, 67.71, 72.92, 67.71, 109.37, 104.17, 67.71, 125.00, 67.71, 72.92, 41.67, 41.67, 57.29, 52.08, 52.08, 46.88, 52.08, 78.12, 41.67, 46.88, 41.67, 104.17, 52.08, 62.50, 26.04, 31.25, 15.63, 52.08, 109.37, 52.08, 41.67, 72.92, 41.67, 62.50, 62.50, 57.29, 109.37, 67.71, 31.25, 72.92, 67.71, 52.08, 72.92, 52.08, 98.96, 

23:51:52 --> 67.71, 104.17, 83.33, 15.63, 20.83, 26.04, 31.25, 26.04, 20.83, 41.67, 31.25, 31.25, 36.46, 15.63, 0.00, 20.83, 31.25, 52.08, 31.25, 20.83, 0.00, 26.04, 20.83, 20.83, 93.75, 88.54, 72.92, 57.29, 26.04, 83.33, 41.67, 36.46, 36.46, 46.88, 78.12, 31.25, 57.29, 41.67, 36.46, 93.75, 78.12, 36.46, 62.50, 72.92, 46.88, 67.71, 36.46, 46.88, 72.92, 140.62, 88.54, 31.25, 31.25, 20.83, 31.25, 41.67, 36.46, 20.83, 20.83, 

23:52:53 --> 31.25, 88.54, 125.00, 31.25, 93.75, 78.12, 62.50, 46.88, 36.46, 52.08, 31.25, 52.08, 52.08, 31.25, 52.08, 41.67, 36.46, 41.67, 41.67, 41.67, 36.46, 57.29, 52.08, 72.92, 31.25, 67.71, 52.08, 78.12, 62.50, 88.54, 93.75, 109.37, 67.71, 46.88, 36.46, 26.04, 31.25, 41.67, 15.63, 26.04, 15.63, 15.63, 10.42, 20.83, 67.71, 93.75, 88.54, 72.92, 57.29, 78.12, 88.54, 93.75, 78.12, 31.25, 72.92, 15.63, 15.63, 15.63, 15.63, 

23:53:55 --> 31.25, 20.83, 31.25, 31.25, 41.67, 57.29, 26.04, 41.67, 109.37, 62.50, 52.08, 62.50, 20.83, 67.71, 67.71, 72.92, 67.71, 57.29, 72.92, 67.71, 83.33, 72.92, 104.17, 15.63, 31.25, 20.83, 41.67, 36.46, 26.04, 31.25, 26.04, 36.46, 52.08, 52.08, 83.33, 78.12, 83.33, 88.54, 88.54, 78.12, 88.54, 88.54, 10.42, 20.83, 26.04, 31.25, 36.46, 26.04, -10.42, 26.04, 31.25, 41.67, 52.08, 93.75, 125.00, 104.17, 31.25, 20.83, 15.63, 

23:54:56 --> 52.08, 72.92, 72.92, 57.29, 57.29, 26.04, 57.29, 5458.33, 5765.63, 6588.54, 7208.33, 6656.25, 7171.88, 6229.17, 6281.25, 6145.83, 6057.29, 6187.50, 4203.13, 4578.13, 5067.71, 5286.46, 5250.00, 4932.29, 3973.96, 4187.50, 4270.83, 4510.42, 4635.42, 4979.17, 5093.75, 5125.00, 5156.25, 5239.58, 5421.88, 4984.38, 3927.08, 3453.13, 3119.79, 3286.46, 3359.38, 3557.29, 3046.88, 2567.71, 1989.58, 2119.79, 2026.04, 2223.96, 2156.25, 2338.54, 2421.88, 2708.33, 2765.63, 3119.79, 3057.29, 3328.13, 3229.17, 2895.83, 2817.71, 

23:55:57 --> 2473.96, 2380.21, 2348.96, 2338.54, 2385.42, 2416.67, 2385.42, 2317.71, 2322.92, 2343.75, 2354.17, 2369.79, 2432.29, 2593.75, 2739.58, 3015.63, 3239.58, 3458.33, 3348.96, 2781.25, 2213.54, 2093.75, 2010.42, 1989.58, 2510.42, 2786.46, 3088.54, 2677.08, 2302.08, 2416.67, 2848.96, 3359.38, 2901.04, 3036.46, 3041.67, 2828.13, 2682.29, 2375.00, 2015.63, 2052.08, 1953.13, 2296.88, 3026.04, 2906.25, 2421.88, 2375.00, 2901.04, 3041.67, 2354.17, 2083.33, 2468.75, 3317.71, 2770.83, 2369.79, 2953.13, 2687.50, 1901.04, 2276.04, 3343.75, 

23:56:58 --> 2348.96, 3166.67, 2562.50, 2041.67, 2427.08, 3369.79, 2078.13, 1557.29, 2046.88, 1723.96, 1395.83, 1218.75, 2046.88, 2161.46, 1692.71, 1526.04, 1770.83, 1947.92, 1526.04, 1031.25, 1166.67, 1328.13, 1791.67, 1791.67, 1541.67, 1343.75, 1333.33, 1187.50, 1229.17, 1036.46, 885.42, 880.21, 947.92, 1239.58, 859.37, 796.87, 645.83, 619.79, 614.58, 786.46, 770.83, 713.54, 562.50, 531.25, 541.67, 510.42, 671.87, 828.12, 744.79, 614.58, 484.37, 312.50, 406.25, 479.17, 406.25, 484.37, 317.71, 291.67, 197.92, 

23:57:59 --> 406.25, 421.87, 156.25, 119.79, 135.42, 151.04, 197.92, 88.54, 119.79, 26.04, 46.88, 93.75, 140.62, 192.71, 239.58, 130.21, 302.08, 333.33, 140.62, 218.75, 140.62, 177.08, 229.17, 270.83, 93.75, 93.75, 72.92, 31.25, 62.50, 98.96, 119.79, 270.83, 171.87, 177.08, 135.42, 109.37, 135.42, 156.25, 265.62, 88.54, 98.96, 31.25, 88.54, 161.46, 203.12, 197.92, 213.54, 130.21, 140.62, 187.50, 46.88, 57.29, 62.50, 52.08, 140.62, 161.46, 161.46, 114.58, 104.17, 

23:59:01 --> 166.67, 52.08, 93.75, 67.71, 135.42, 140.62, 151.04, 93.75, 135.42, 62.50, 250.00, 130.21, 312.50, 166.67, 88.54, 114.58, 140.62, 67.71, 41.67, 83.33, 166.67, 145.83, 109.37, 83.33, 109.37, 145.83, 46.88, 72.92, 57.29, 119.79, 177.08, 135.42, 125.00, 109.37, 125.00, 46.88, 98.96, 114.58, 135.42, 109.37, 130.21, 93.75, 140.62, 244.79, 72.92, 31.25, 98.96, 161.46, 119.79, 83.33, 114.58, 151.04, 78.12, 36.46, 104.17, 98.96, 135.42, 93.75, 